1.104688414962161636e-01
1.084316828729894600e-01
1.073652319816301576e-01
1.067384102368296589e-01
1.063416251426020920e-01
1.060740353682937537e-01
1.058822594675663253e-01
1.057364565117236421e-01
1.056192938877651005e-01
1.055203979116570850e-01
1.054334065759252592e-01
1.053543385118561188e-01
1.052806589747522087e-01
1.052107295825601696e-01
1.051434759937178026e-01
1.050781840483430568e-01
1.050143720241064477e-01
1.049517098417036970e-01
1.048899676808677101e-01
1.048289822643479891e-01
1.047686352123328168e-01
1.047088388100410605e-01
1.046495265999203700e-01
1.045906468278608170e-01
1.045321586102147815e-01
1.044740285215389475e-01
1.044162289820193129e-01
1.043587364815283247e-01
1.043015310323287953e-01
1.042445951778531027e-01
1.041879135257298694e-01
1.041314724489956905e-01
1.040752597256753287e-01
1.040192642123142636e-01
1.039634758700018480e-01
1.039078856640279075e-01
1.038524852272734722e-01
1.037972669907710616e-01
1.037422238308261663e-01
1.036873492902950777e-01
1.036326373878024426e-01
1.035780826345454181e-01
1.035236797854075935e-01
1.034694241991079289e-01
1.034153113235699584e-01
1.033613370869781861e-01
1.033074976976456616e-01
1.032537896154149953e-01
1.032002093886995597e-01
1.031467537920929683e-01
1.030934200472925083e-01
1.030402052568211574e-01
1.029871069941593331e-01
1.029341227373333501e-01
1.028812501717153854e-01
1.028284870922356598e-01
1.027758316427065111e-01
1.027232817712069174e-01
1.026708356800417610e-01
1.026184916434401684e-01
1.025662480405001298e-01
1.025141033283968328e-01
1.024620561898970661e-01
1.024101050537936791e-01
1.023582487341522518e-01
1.023064859196620158e-01
1.022548154793565395e-01
1.022032363084010159e-01
1.021517473555687006e-01
1.021003474678229689e-01
1.020490357514579893e-01
1.019978112361248773e-01
1.019466730008934396e-01
1.018956202547448564e-01
1.018446521598897897e-01
1.017937680135644479e-01
1.017429669539314241e-01
1.016922483392006665e-01
1.016416114030738588e-01
1.015910553976898667e-01
1.015405797978221197e-01
1.014901840098246660e-01
1.014398672914142152e-01
1.013896292157939472e-01
1.013394692511811607e-01
1.012893867366705530e-01
1.012393811738513671e-01
1.011894521488118370e-01
1.011395991146512296e-01
1.010898216584985576e-01
1.010401192706464890e-01
1.009904915521169788e-01
1.009409380737782969e-01
1.008914584151196503e-01
1.008420523423714105e-01
1.007927192236846847e-01
1.007434588918665885e-01
1.006942708740796028e-01
1.006451548576615118e-01
1.005961104973214781e-01
1.005471374692685910e-01
1.004982354387053828e-01
1.004494041282734951e-01
1.004006432419716210e-01
1.003519524371648958e-01
1.003033315062658165e-01
1.002547800549689339e-01
1.002062979760852540e-01
1.001578848730697441e-01
1.001095405716506542e-01
1.000612647835942698e-01
1.000130572563861370e-01
9.996491784336314357e-02
9.991684628617428232e-02
9.986884233834608660e-02
9.982090580855150497e-02
9.977303644124867199e-02
9.972523412796101272e-02
9.967749847886241132e-02
9.962982935996772538e-02
9.958222664006105562e-02
9.953469007589800521e-02
9.948721945471576678e-02
9.943981469842909371e-02
9.939247557080438389e-02
9.934520187225288901e-02
9.929799346213510902e-02
9.925085022174363891e-02
9.920377193806233229e-02
9.915675853487894431e-02
9.910980978191576141e-02
9.906292551332727958e-02
9.901610555873859021e-02
9.896934993532625902e-02
9.892265836037489324e-02
9.887603074833596628e-02
9.882946690391419819e-02
9.878296676677388033e-02
9.873653019565215017e-02
9.869015706058061055e-02
9.864384727544954490e-02
9.859760063638099703e-02
9.855141701039027424e-02
9.850529632220195175e-02
9.845923851547287720e-02
9.841324329316582242e-02
9.836731075613924791e-02
9.832144068190383501e-02
9.827563299753350190e-02
9.822988752809980184e-02
9.818420422891263599e-02
9.813858299223315873e-02
9.809302370626042655e-02
9.804752632479740715e-02
9.800209068852930305e-02
9.795671667385737191e-02
9.791140420242233633e-02
9.786615327550350629e-02
9.782096371186774220e-02
9.777583544845150354e-02
9.773076838507219199e-02
9.768576246847000821e-02
9.764081763341683762e-02
9.759593379439296390e-02
9.755111080235438770e-02
9.750634858115268810e-02
9.746164708568190449e-02
9.741700618202435435e-02
9.737242591296402239e-02
9.732790605483662705e-02
9.728344671254607334e-02
9.723904764413351942e-02
9.719470890558354337e-02
9.715043033162408526e-02
9.710621191154579501e-02
9.706205348811175471e-02
9.701795501440961533e-02
9.697391647807769577e-02
9.692993777476721640e-02
9.688601883317850272e-02
9.684215960579690974e-02
9.679836002436170705e-02
9.675462004740897903e-02
9.671093960107507437e-02
9.666731853408359887e-02
9.662375686397946251e-02
9.658025458640764893e-02
9.653681160206055434e-02
9.649342785823042390e-02
9.645010325217286129e-02
9.640683773544085622e-02
9.636363126963073955e-02
9.632048379140055461e-02
9.627739527848035161e-02
9.623436555482628441e-02
9.619139466755373402e-02
9.614848255116985321e-02
9.610562911522824159e-02
9.606283437973356376e-02
9.602009816236505013e-02
9.597742051779224737e-02
9.593480136265425395e-02
9.589224063655509001e-02
9.584973835207701021e-02
9.580729431876210123e-02
9.576490861226480411e-02
9.572258118799341353e-02
9.568031185149844520e-02
9.563810067522152125e-02
9.559594760881655329e-02
9.555385255818875379e-02
9.551181546879132511e-02
9.546983625863816880e-02
9.542791492385720165e-02
9.538605143532483122e-02
9.534424578096478697e-02
9.530249784993966022e-02
9.526080762825715753e-02
9.521917506814714383e-02
9.517760009926333475e-02
9.513608269616094515e-02
9.509462280490829644e-02
9.505322043382995190e-02
9.501187541109612500e-02
9.497058775581061763e-02
9.492935755475212511e-02
9.488818464563215926e-02
9.484706899254596868e-02
9.480601053090721708e-02
9.476500920895687685e-02
9.472406499145488712e-02
9.468317792404475075e-02
9.464234783352654112e-02
9.460157470645323696e-02
9.456085853376167139e-02
9.452019928011945460e-02
9.447959687358263581e-02
9.443905130469323894e-02
9.439856250780587210e-02
9.435813046311117280e-02
9.431775506656890629e-02
9.427743637130252263e-02
9.423717429837299986e-02
9.419696884887836241e-02
9.415681986784849022e-02
9.411672741978946433e-02
9.407669145482713824e-02
9.403671193658753868e-02
9.399678875266412326e-02
9.395692192344685945e-02
9.391711136775932056e-02
9.387735715075724852e-02
9.383765916286461450e-02
9.379801732930499736e-02
9.375843164604358293e-02
9.371890219360284879e-02
9.367942876212605186e-02
9.364001136012986559e-02
9.360064996095553147e-02
9.356134457961720607e-02
9.352209511568751465e-02
9.348290153254255885e-02
9.344376380397823034e-02
9.340468196047743699e-02
9.336565579758841771e-02
9.332668544358188600e-02
9.328777086299216981e-02
9.324891188533267206e-02
9.321010855650770088e-02
9.317136081338468767e-02
9.313266861881484837e-02
9.309403193934184806e-02
9.305545074714723086e-02
9.301692503321316863e-02
9.297845467327753299e-02
9.294003973363275384e-02
9.290168008581611847e-02
9.286337582679805858e-02
9.282512680819103579e-02
9.278693303560610339e-02
9.274879452984782779e-02
9.271071114749525333e-02
9.267268294060478084e-02
9.263470978677149081e-02
9.259679174673107749e-02
9.255892873141549626e-02
9.252112070331018623e-02
9.248336768040255063e-02
9.244566958464395245e-02
9.240802636484894694e-02
9.237043806575191696e-02
9.233290459059885491e-02
9.229542589216364890e-02
9.225800195794400804e-02
9.222063280537422247e-02
9.218331827883734231e-02
9.214605848720633374e-02
9.210885330049663200e-02
9.207170265609611326e-02
9.203460664409157665e-02
9.199756514600093693e-02
9.196057822426771666e-02
9.192364573673725281e-02
9.188676765519274148e-02
9.184994395890577756e-02
9.181317459461749153e-02
9.177645961538956343e-02
9.173979888777496206e-02
9.170319245343937220e-02
9.166664023350616641e-02
9.163014225523316569e-02
9.159369849164165911e-02
9.155730882996880593e-02
9.152097329774287748e-02
9.148469184536696386e-02
9.144846446700308218e-02
9.141229113070090118e-02
9.137617172700752965e-02
9.134010632633382532e-02
9.130409479971331177e-02
9.126813717683256166e-02
9.123223339208197391e-02
9.119638347335946860e-02
9.116058728277509626e-02
9.112484483153182602e-02
9.108915615738241711e-02
9.105352121169657531e-02
9.101793993505991054e-02
9.098241229411359321e-02
9.094693828548577885e-02
9.091151785584497547e-02
9.087615089772195509e-02
9.084083751759014502e-02
9.080557762072197225e-02
9.077037115805737522e-02
9.073521814262777707e-02
9.070011854003964813e-02
9.066507230954667929e-02
9.063007933404269856e-02
9.059513971304102020e-02
9.056025331450606730e-02
9.052542017481800263e-02
9.049064030319016461e-02
9.045591356985555054e-02
9.042123997719696271e-02
9.038661946764839361e-02
9.035205211687107052e-02
9.031753776002368617e-02
9.028307639219231018e-02
9.024866798797297196e-02
9.021431258964257571e-02
9.018001018717285155e-02
9.014576061668209961e-02
9.011156392849901942e-02
9.007742010589259163e-02
9.004332903226318352e-02
9.000929078296374120e-02
8.997530523932888158e-02
8.994137250298928077e-02
8.990749237989424658e-02
8.987366489880938003e-02
8.983989013503568266e-02
8.980616790192334775e-02
8.977249820855751072e-02
8.973888113212950823e-02
8.970531646568767614e-02
8.967180436874824800e-02
8.963834462692314708e-02
8.960493737373471934e-02
8.957158249793656379e-02
8.953827993838160693e-02
8.950502979570330864e-02
8.947183192052564349e-02
8.943868627261955528e-02
8.940559297215154577e-02
8.937255189999228355e-02
8.933956299136429358e-02
8.930662620647049355e-02
8.927374154763677294e-02
8.924090898456331356e-02
8.920812848179587862e-02
8.917540001903336011e-02
8.914272358803188023e-02
8.911009908615823150e-02
8.907752656362386001e-02
8.904500595714125166e-02
8.901253721060621571e-02
8.898012031716778791e-02
8.894775533199759943e-02
8.891544215486574254e-02
8.888318070439396590e-02
8.885097098853654563e-02
8.881881299528932017e-02
8.878670666818661017e-02
8.875465209154129176e-02
8.872264905076583663e-02
8.869069763093860581e-02
8.865879784483735038e-02
8.862694958953036550e-02
8.859515280483278021e-02
8.856340750641326920e-02
8.853171365544071358e-02
8.850007127799153217e-02
8.846848025948698957e-02
8.843694067978881412e-02
8.840545241583966374e-02
8.837401544870558678e-02
8.834262980276914867e-02
8.831129532671744276e-02
8.828001216865304090e-02
8.824878020008357360e-02
8.821759937161793852e-02
8.818646968658423735e-02
8.815539109164295672e-02
8.812436361853513700e-02
8.809338719272487295e-02
8.806246178517067313e-02
8.803158735513363919e-02
8.800076393382855189e-02
8.796999144070288823e-02
8.793926983837356548e-02
8.790859915527987622e-02
8.787797931848097266e-02
8.784741036103869971e-02
8.781689216946349241e-02
8.778642477767997776e-02
8.775600813185981119e-02
8.772564221728987310e-02
8.769532694718541743e-02
8.766506241293953172e-02
8.763484849251493292e-02
8.760468512664618124e-02
8.757457243442896833e-02
8.754451025250051255e-02
8.751449859190450764e-02
8.748453747616309617e-02
8.745462675653822848e-02
8.742476646379855609e-02
8.739495668511300386e-02
8.736519728723489420e-02
8.733548818288706939e-02
8.730582944929492217e-02
8.727622103043805590e-02
8.724666285648460806e-02
8.721715497313356491e-02
8.718769725714833885e-02
8.715828979705823876e-02
8.712893247324195178e-02
8.709962524879724666e-02
8.707036818075267193e-02
8.704116115658105945e-02
8.701200418658282254e-02
8.698289725026593644e-02
8.695384036350246870e-02
8.692483343960323572e-02
8.689587648386008778e-02
8.686696944566543732e-02
8.683811235062358080e-02
8.680930509288856123e-02
8.678054771040251414e-02
8.675184015996230402e-02
8.672318235205622727e-02
8.669457432114523188e-02
8.666601606028355442e-02
8.663750747336618208e-02
8.660904859735446548e-02
8.658063932456902534e-02
8.655227977758947477e-02
8.652396978690771179e-02
8.649570935932462956e-02
8.646749851214319271e-02
8.643933718394455901e-02
8.641122530907546784e-02
8.638316296606196598e-02
8.635514999278001702e-02
8.632718644627745963e-02
8.629927235811223063e-02
8.627140756309886749e-02
8.624359210981503987e-02
8.621582592492872676e-02
8.618810904655686833e-02
8.616044143553105994e-02
8.613282308288174038e-02
8.610525389485648717e-02
8.607773382463827783e-02
8.605026297737874974e-02
8.602284117958106102e-02
8.599546852806655428e-02
8.596814491658420765e-02
8.594087039587484933e-02
8.591364483031399546e-02
8.588646825706246213e-02
8.585934064344928618e-02
8.583226194885176796e-02
8.580523215478366716e-02
8.577825126401829314e-02
8.575131919993897456e-02
8.572443599251446111e-02
8.569760154652603101e-02
8.567081591367033122e-02
8.564407894979314539e-02
8.561739075937797872e-02
8.559075120739727260e-02
8.556416042311940084e-02
8.553761826351405362e-02
8.551112464434096339e-02
8.548467972186507557e-02
8.545828334940246129e-02
8.543193547952721012e-02
8.540563614238935730e-02
8.537938530346131372e-02
8.535318286446288982e-02
8.532702887059626096e-02
8.530092330014441004e-02
8.527486609623838310e-02
8.524885729565934156e-02
8.522289676439981365e-02
8.519698459015669079e-02
8.517112063723268622e-02
8.514530496496101886e-02
8.511953747565650930e-02
8.509381819916732315e-02
8.506814711371923909e-02
8.504252414633438339e-02
8.501694926714552236e-02
8.499142249838902152e-02
8.496594382508004806e-02
8.494051313681584559e-02
8.491513048900903304e-02
8.488979587359583856e-02
8.486450918350900430e-02
8.483927041704576733e-02
8.481407955940767351e-02
8.478893657754651980e-02
8.476384145452237062e-02
8.473879416520721519e-02
8.471379467026189658e-02
8.468884293402406671e-02
8.466393896679821895e-02
8.463908277482368181e-02
8.461427429279953782e-02
8.458951338270913334e-02
8.456480021861798035e-02
8.454013467001003646e-02
8.451551666744820668e-02
8.449094627069904384e-02
8.446642339170773450e-02
8.444194801702856190e-02
8.441752019653674111e-02
8.439313989549396267e-02
8.436880697209456215e-02
8.434452147306062408e-02
8.432028333862238989e-02
8.429609259609173455e-02
8.427194916750724296e-02
8.424785305405964320e-02
8.422380422636636943e-02
8.419980270703951442e-02
8.417584840620391529e-02
8.415194128137339080e-02
8.412808137839211664e-02
8.410426867384619698e-02
8.408050305228499666e-02
8.405678455756834810e-02
8.403311317633739563e-02
8.400948887607932736e-02
8.398591160426763236e-02
8.396238128593909444e-02
8.393889794893275025e-02
8.391546151942697040e-02
8.389207207576893088e-02
8.386872954149472703e-02
8.384543387372389578e-02
8.382218508884400898e-02
8.379898317362688420e-02
8.377582799236822642e-02
8.375271956029640974e-02
8.372965793397041390e-02
8.370664309277112136e-02
8.368367488656400233e-02
8.366075343220723270e-02
8.363787860653712491e-02
8.361505042034268753e-02
8.359226884316736661e-02
8.356953381505399792e-02
8.354684536656464822e-02
8.352420342940848619e-02
8.350160800712681797e-02
8.347905909713243533e-02
8.345655661820189364e-02
8.343410061749367834e-02
8.341169094026067155e-02
8.338932767521563261e-02
8.336701072878498209e-02
8.334474013668582981e-02
8.332251583302210940e-02
8.330033783973525563e-02
8.327820609940125851e-02
8.325612057470584138e-02
8.323408128447905285e-02
8.321208815159057692e-02
8.319014114641182234e-02
8.316824028057753782e-02
8.314638553249784070e-02
8.312457684307655859e-02
8.310281428021236427e-02
8.308109770289688611e-02
8.305942710977200216e-02
8.303780250826833798e-02
8.301622382827344993e-02
8.299469114356355925e-02
8.297320436352138839e-02
8.295176342319678098e-02
8.293036838661591026e-02
8.290901917244490604e-02
8.288771576785997075e-02
8.286645811842154041e-02
8.284524625431209655e-02
8.282408015298471649e-02
8.280295973946681654e-02
8.278188498714968147e-02
8.276085594240344123e-02
8.273987250827427586e-02
8.271893472449215468e-02
8.269804253951479334e-02
8.267719594452251075e-02
8.265639488068725338e-02
8.263563935743160893e-02
8.261492923206961714e-02
8.259426463887716008e-02
8.257364548007027627e-02
8.255307174135431691e-02
8.253254337253013162e-02
8.251206038426725509e-02
8.249162277305417679e-02
8.247123048739964102e-02
8.245088348372338338e-02
8.243058176415783700e-02
8.241032524814193017e-02
8.239011402914320215e-02
8.236994799420793711e-02
8.234982711802969757e-02
8.232975143517173855e-02
8.230972083498099001e-02
8.228973531807096120e-02
8.226979491965298597e-02
8.224989961310723297e-02
8.223004933446212417e-02
8.221024404949850428e-02
8.219048373498456794e-02
8.217076837321862781e-02
8.215109791688436636e-02
8.213147243154006460e-02
8.211189176871369622e-02
8.209235602172089419e-02
8.207286517126075043e-02
8.205341906518232031e-02
8.203401772286664229e-02
8.201466119002905064e-02
8.199534937612083796e-02
8.197608224315861003e-02
8.195685986500139686e-02
8.193768219234730255e-02
8.191854911989619736e-02
8.189946066322269236e-02
8.188041676367542598e-02
8.186141750354589131e-02
8.184246278243414996e-02
8.182355262019014308e-02
8.180468694863111956e-02
8.178586577646816680e-02
8.176708907373467228e-02
8.174835674616556802e-02
8.172966881030838127e-02
8.171102529795222502e-02
8.169242614495103583e-02
8.167387132855555287e-02
8.165536080884007453e-02
8.163689459850720365e-02
8.161847266784466592e-02
8.160009495162064141e-02
8.158176151356612282e-02
8.156347217865533850e-02
8.154522701617357427e-02
8.152702606272103913e-02
8.150886922253480771e-02
8.149075641054813468e-02
8.147268773534629971e-02
8.145466310102424112e-02
8.143668251053631790e-02
8.141874592206480021e-02
8.140085326306699398e-02
8.138300459880395965e-02
8.136519985398758814e-02
8.134743901927873888e-02
8.132972209721338330e-02
8.131204898720728602e-02
8.129441975287053646e-02
8.127683430381126006e-02
8.125929263524560298e-02
8.124179474081573427e-02
8.122434060335251282e-02
8.120693020711783339e-02
8.118956353231775169e-02
8.117224047872811932e-02
8.115496111735824580e-02
8.113772537985315669e-02
8.112053324732326764e-02
8.110338466276637015e-02
8.108627968848217127e-02
8.106921826037873091e-02
8.105220031467266772e-02
8.103522583998273854e-02
8.101829482983959052e-02
8.100140727988941469e-02
8.098456313337254464e-02
8.096776238316781560e-02
8.095100502256094566e-02
8.093429101071267229e-02
8.091762030915701509e-02
8.090099293058769514e-02
8.088440881709314800e-02
8.086786796617592699e-02
8.085137036777406694e-02
8.083491590773406177e-02
8.081850462901382648e-02
8.080213656998166960e-02
8.078581165750364779e-02
8.076952984823948523e-02
8.075329109870554856e-02
8.073709545664235765e-02
8.072094283487821209e-02
8.070483321078426864e-02
8.068876662996020410e-02
8.067274302901816796e-02
8.065676235452026721e-02
8.064082462399725648e-02
8.062492977289020812e-02
8.060907781690974938e-02
8.059326878282659090e-02
8.057750251514872453e-02
8.056177911993889218e-02
8.054609845622337505e-02
8.053046058910742766e-02
8.051486550085749927e-02
8.049931311417285462e-02
8.048380345426377203e-02
8.046833641470685361e-02
8.045291208469802779e-02
8.043753035696692144e-02
8.042219124117763740e-02
8.040689472730068454e-02
8.039164081287138164e-02
8.037642940617915899e-02
8.036126050383576858e-02
8.034613410751752227e-02
8.033105015603259069e-02
8.031600868064429910e-02
8.030100959241279202e-02
8.028605295659101138e-02
8.027113864286923584e-02
8.025626672080808655e-02
8.024143713918115151e-02
8.022664983701524588e-02
8.021190489068324991e-02
8.019720217870070222e-02
8.018254172181306372e-02
8.016792351074741863e-02
8.015334747244086400e-02
8.013881364474052804e-02
8.012432192479027049e-02
8.010987237206107503e-02
8.009546489238131284e-02
8.008109948118512234e-02
8.006677621060753758e-02
8.005249489644068739e-02
8.003825565166680645e-02
8.002405833585457540e-02
8.000990306324909374e-02
7.999578969071310941e-02
7.998171829913275355e-02
7.996768879998439328e-02
7.995370116644143210e-02
7.993975539529198093e-02
7.992585141059431464e-02
7.991198924823178507e-02
7.989816892585974162e-02
7.988439039141150000e-02
7.987065352797900752e-02
7.985695840806752988e-02
7.984330502574404909e-02
7.982969328281609711e-02
7.981612320715811282e-02
7.980259473286016592e-02
7.978910790706546241e-02
7.977566267282001911e-02
7.976225900324826479e-02
7.974889684554918590e-02
7.973557626362778872e-02
7.972229707651694308e-02
7.970905943799799775e-02
7.969586317964678923e-02
7.968270839619445711e-02
7.966959503978954249e-02
7.965652300156067511e-02
7.964349235539218419e-02
7.963050300407689686e-02
7.961755502245466964e-02
7.960464834241542942e-02
7.959178288603674378e-02
7.957895870938709593e-02
7.956617571795217281e-02
7.955343398107414532e-02
7.954073336660107130e-02
7.952807394008713782e-02
7.951545562205178386e-02
7.950287842783856918e-02
7.949034236883227578e-02
7.947784733181398331e-02
7.946539333336853639e-02
7.945298033822979777e-02
7.944060838187064211e-02
7.942827741734637126e-02
7.941598737569449673e-02
7.940373828112574917e-02
7.939153013655025903e-02
7.937936286905748762e-02
7.936723642128483414e-02
7.935515084043444356e-02
7.934310611935763147e-02
7.933110216111853574e-02
7.931913898821352227e-02
7.930721661152216606e-02
7.929533493615062434e-02
7.928349402884152242e-02
7.927169379779690217e-02
7.925993420358048991e-02
7.924821530180613249e-02
7.923653701881198941e-02
7.922489935090964996e-02
7.921330221566016960e-02
7.920174567768047125e-02
7.919022967324924889e-02
7.917875421277907610e-02
7.916731924660647124e-02
7.915592471142655906e-02
7.914457065355426368e-02
7.913325703714835235e-02
7.912198383047802652e-02
7.911075099369983821e-02
7.909955855736869323e-02
7.908840644204745418e-02
7.907729462039893298e-02
7.906622315197400774e-02
7.905519194359528212e-02
7.904420102082623800e-02
7.903325031789683319e-02
7.902233983476154855e-02
7.901146953960468122e-02
7.900063939999756035e-02
7.898984939901966540e-02
7.897909956608566151e-02
7.896838978269508924e-02
7.895772008644012796e-02
7.894709048660561446e-02
7.893650089521768443e-02
7.892595134844974936e-02
7.891544177277955152e-02
7.890497216274532100e-02
7.889454251325064837e-02
7.888415280158814213e-02
7.887380298675025769e-02
7.886349306532451642e-02
7.885322300648782423e-02
7.884299279118778259e-02
7.883280239253918908e-02
7.882265178058241173e-02
7.881254094318379533e-02
7.880246988698415278e-02
7.879243855801792984e-02
7.878244691541531897e-02
7.877249497612805185e-02
7.876258268349491110e-02
7.875271004406905750e-02
7.874287706480535831e-02
7.873308366519103652e-02
7.872332984791372001e-02
7.871361558736893194e-02
7.870394084910323218e-02
7.869430566181852271e-02
7.868470994639800709e-02
7.867515371086006293e-02
7.866563692643480099e-02
7.865615956634912365e-02
7.864672162367288000e-02
7.863732306986991050e-02
7.862796389075010772e-02
7.861864405002899625e-02
7.860936354077921462e-02
7.860012232039212399e-02
7.859092038848902728e-02
7.858175773011794041e-02
7.857263430756449007e-02
7.856355009673730849e-02
7.855450507808174609e-02
7.854549922013927266e-02
7.853653252396126938e-02
7.852760495841219768e-02
7.851871650874379938e-02
7.850986713708645037e-02
7.850105683209260277e-02
7.849228559055805576e-02
7.848355334508899661e-02
7.847486012425020085e-02
7.846620586132486974e-02
7.845759059350866649e-02
7.844901424029102066e-02
7.844047680960213043e-02
7.843197828574798025e-02
7.842351864237656622e-02
7.841509784691552687e-02
7.840671588429057315e-02
7.839837274024176461e-02
7.839006836761987229e-02
7.838180278729664496e-02
7.837357593999011440e-02
7.836538780945891125e-02
7.835723836842897749e-02
7.834912765432044957e-02
7.834105557495465999e-02
7.833302215286613857e-02
7.832502736161131573e-02
7.831707115810859765e-02
7.830915354526246652e-02
7.830127447701584753e-02
7.829343394299349834e-02
7.828563192229019696e-02
7.827786841620558433e-02
7.827014338450727360e-02
7.826245679754813278e-02
7.825480863281351895e-02
7.824719887083364522e-02
7.823962750424338919e-02
7.823209452668598851e-02
7.822459986766625017e-02
7.821714354771586164e-02
7.820972551458477140e-02
7.820234576022254414e-02
7.819500427870586245e-02
7.818770105825513517e-02
7.818043604837469907e-02
7.817320920540832274e-02
7.816602058921243157e-02
7.815887009667650542e-02
7.815175773225659095e-02
7.814468350553084586e-02
7.813764732500681764e-02
7.813064923935299222e-02
7.812368921624492091e-02
7.811676723336784256e-02
7.810988322800922756e-02
7.810303722965357409e-02
7.809622920455248918e-02
7.808945910814521496e-02
7.808272696204321406e-02
7.807603271584689919e-02
7.806937635668456665e-02
7.806275783147313685e-02
7.805617719431200141e-02
7.804963437029600881e-02
7.804312933746940240e-02
7.803666207540037314e-02
7.803023257435834359e-02
7.802384081710471431e-02
7.801748678086764532e-02
7.801117045008704176e-02
7.800489178049363481e-02
7.799865077289970527e-02
7.799244739416802408e-02
7.798628164706648824e-02
7.798015347036948985e-02
7.797406288847787137e-02
7.796800986830206004e-02
7.796199436535690419e-02
7.795601636820109759e-02
7.795007590685849863e-02
7.794417289025168394e-02
7.793830734992054921e-02
7.793247921891485741e-02
7.792668850142675518e-02
7.792093517884531029e-02
7.791521921526683991e-02
7.790954061208153758e-02
7.790389932082640578e-02
7.789829533468894951e-02
7.789272866227374414e-02
7.788719923721547367e-02
7.788170705097478830e-02
7.787625209387379066e-02
7.787083433922301068e-02
7.786545376882759995e-02
7.786011035588941143e-02
7.785480406809619502e-02
7.784953492998013258e-02
7.784430286031542023e-02
7.783910787894247896e-02
7.783394996497362828e-02
7.782882907910340653e-02
7.782374524366825197e-02
7.781869837389318589e-02
7.781368849156702905e-02
7.780871556008128742e-02
7.780377956967024500e-02
7.779888050964037238e-02
7.779401832484326984e-02
7.778919300667565262e-02
7.778440452745290223e-02
7.777965289622795764e-02
7.777493806829884060e-02
7.777026003596392012e-02
7.776561880939433791e-02
7.776101429983854618e-02
7.775644653360545833e-02
7.775191549296191218e-02
7.774742113247734565e-02
7.774296341376361885e-02
7.773854235907028121e-02
7.773415794857740924e-02
7.772981011496005177e-02
7.772549887377716571e-02
7.772122419749834255e-02
7.771698608405575026e-02
7.771278449304992730e-02
7.770861941852626187e-02
7.770449081972520544e-02
7.770039868312209053e-02
7.769634300557379247e-02
7.769232375604723240e-02
7.768834089022731704e-02
7.768439442440192022e-02
7.768048431606021376e-02
7.767661056028107858e-02
7.767277310897270637e-02
7.766897195916461216e-02
7.766520711420846212e-02
7.766147852048183031e-02
7.765778617835984721e-02
7.765413005604804297e-02
7.765051014416121666e-02
7.764692640493432718e-02
7.764337885467827161e-02
7.763986741259917834e-02
7.763639210759953890e-02
7.763295289750099526e-02
7.762954976351546521e-02
7.762618269461186993e-02
7.762285165290898348e-02
7.761955664968812896e-02
7.761629764831270983e-02
7.761307459816897680e-02
7.760988753516433192e-02
7.760673643103875585e-02
7.760362122121872153e-02
7.760054192595211564e-02
7.759749848576294462e-02
7.759449093631796968e-02
7.759151920897806864e-02
7.758858331614643111e-02
7.758568321323229544e-02
7.758281888879879629e-02
7.757999033147316981e-02
7.757719752370717536e-02
7.757444041811237256e-02
7.757171901689455251e-02
7.756903330582171074e-02
7.756638324001521867e-02
7.756376880987152223e-02
7.756119000294021959e-02
7.755864681093103952e-02
7.755613918074370783e-02
7.755366710633995742e-02
7.755123062736352102e-02
7.754882963817782970e-02
7.754646413498300639e-02
7.754413413014946133e-02
7.754183956646794329e-02
7.753958045596576198e-02
7.753735677461984221e-02
7.753516849428866708e-02
7.753301557639549757e-02
7.753089806315743848e-02
7.752881589048760125e-02
7.752676899834767821e-02
7.752475743286502130e-02
7.752278113686085492e-02
7.752084011163268285e-02
7.751893433682399692e-02
7.751706376871700388e-02
7.751522840740411591e-02
7.751342822212785311e-02
7.751166318616826978e-02
7.750993331347787174e-02
7.750823855361180237e-02
7.750657889899968678e-02
7.750495433258268452e-02
7.750336482790386172e-02
7.750181035379144490e-02
7.750029092066058889e-02
7.749880646881621149e-02
7.749735702035610851e-02
7.749594255321327896e-02
7.749456302835040777e-02
7.749321839215768393e-02
7.749190869455169217e-02
7.749063385642508683e-02
7.748939390877308819e-02
7.748818880924235319e-02
7.748701851882357217e-02
7.748588302381752280e-02
7.748478233202683862e-02
7.748371641992783665e-02
7.748268523608314862e-02
7.748168878459514575e-02
7.748072706011907562e-02
7.747980000473303486e-02
7.747890763581329054e-02
7.747804990688769711e-02
7.747722679368936050e-02
7.747643833229947430e-02
7.747568443354498069e-02
7.747496510786994195e-02
7.747428035854704576e-02
7.747363011112287645e-02
7.747301438874429347e-02
7.747243315032502353e-02
7.747188638873106492e-02
7.747137409419661835e-02
7.747089621439588736e-02
7.747045277473529890e-02
7.747004369757384823e-02
7.746966901133434114e-02
7.746932868944703121e-02
7.746902268351871235e-02
7.746875099629445260e-02
7.746851361624025600e-02
7.746831053156304214e-02
7.746814170428753532e-02
7.746800710145326785e-02
7.746790672642708819e-02
7.746784056432234888e-02
7.746780854757247259e-02
7.746781069943298181e-02
7.746784700976322435e-02
7.746791745424515263e-02
7.746802201350980188e-02
7.746816063261018070e-02
7.746833331629610075e-02
7.746854005604188187e-02
7.746878083645580837e-02
7.746905560776438937e-02
7.746936437826838773e-02
7.746970709474630679e-02
7.747008377722333639e-02
7.747049438615474792e-02
7.747093891661889498e-02
7.747141731496810790e-02
7.747192957855397744e-02
7.747247573515499142e-02
7.747305565869755384e-02
7.747366943642286508e-02
7.747431699685984607e-02
7.747499832030256550e-02
7.747571340129749684e-02
7.747646221393880706e-02
7.747724474430595087e-02
7.747806098341961101e-02
7.747891089769851081e-02
7.747979449534019014e-02
7.748071171146929392e-02
7.748166252671744025e-02
7.748264693913209378e-02
7.748366496935217562e-02
7.748471652838760659e-02
7.748580164072835230e-02
7.748692029680188942e-02
7.748807245989869363e-02
7.748925809761156303e-02
7.749047718982082777e-02
7.749172974469283048e-02
7.749301571965125368e-02
7.749433511629381932e-02
7.749568788644152495e-02
7.749707403922627413e-02
7.749849352258286750e-02
7.749994636498581946e-02
7.750143254419741834e-02
7.750295201636363263e-02
7.750450475641738890e-02
7.750609077580378203e-02
7.750771001334685883e-02
7.750936248008313822e-02
7.751104815457357522e-02
7.751276698011838606e-02
7.751451899723152406e-02
7.751630415378656103e-02
7.751812243292156845e-02
7.751997378995295618e-02
7.752185824055994601e-02
7.752377577755208138e-02
7.752572635094980014e-02
7.752770990392190975e-02
7.752972648996600546e-02
7.753177608953244759e-02
7.753385866118008007e-02
7.753597419850506711e-02
7.753812267271653624e-02
7.754030405785421187e-02
7.754251834937644916e-02
7.754476552478532791e-02
7.754704551991835337e-02
7.754935836124041137e-02
7.755170402116544348e-02
7.755408248083170419e-02
7.755649373077358466e-02
7.755893774693561893e-02
7.756141447719354376e-02
7.756392393194490309e-02
7.756646611113945933e-02
7.756904095169105118e-02
7.757164848367897880e-02
7.757428865715811084e-02
7.757696146397957682e-02
7.757966686663639311e-02
7.758240486783116174e-02
7.758517545393753267e-02
7.758797857709090473e-02
7.759081423380471965e-02
7.759368241586751813e-02
7.759658311570240274e-02
7.759951627049484213e-02
7.760248189930311902e-02
7.760547997498611072e-02
7.760851044833635970e-02
7.761157335548675429e-02
7.761466861600460621e-02
7.761779624208034467e-02
7.762095622014561491e-02
7.762414854423703436e-02
7.762737317937933035e-02
7.763063010630864846e-02
7.763391929962482063e-02
7.763724073962625927e-02
7.764059441001483486e-02
7.764398030686382735e-02
7.764739840316843555e-02
7.765084867282998071e-02
7.765433111780144226e-02
7.765784569476601173e-02
7.766139239925541615e-02
7.766497118584568538e-02
7.766858209146314251e-02
7.767222505189322335e-02
7.767590006429984928e-02
7.767960709739636649e-02
7.768334613939724409e-02
7.768711717114101800e-02
7.769092018380881204e-02
7.769475514359414081e-02
7.769862202985008959e-02
7.770252085235196393e-02
7.770645157546425541e-02
7.771041419116805904e-02
7.771440864834866513e-02
7.771843495382642353e-02
7.772249309402927409e-02
7.772658305954002755e-02
7.773070477815507973e-02
7.773485827032590445e-02
7.773904353863633765e-02
7.774326051261047643e-02
7.774750921214482191e-02
7.775178961121050059e-02
7.775610166446593474e-02
7.776044541612464611e-02
7.776482079521895852e-02
7.776922776913913760e-02
7.777366638955483802e-02
7.777813656350010540e-02
7.778263828624408516e-02
7.778717158364988060e-02
7.779173640667159939e-02
7.779633275342313914e-02
7.780096058162301598e-02
7.780561985521716739e-02
7.781031059915992365e-02
7.781503279834499354e-02
7.781978642431523763e-02
7.782457139736319307e-02
7.782938778812260872e-02
7.783423554396251554e-02
7.783911464388909573e-02
7.784402506509020825e-02
7.784896678687631966e-02
7.785393980855295770e-02
7.785894409998087018e-02
7.786397962543396833e-02
7.786904639371641790e-02
7.787414436750057789e-02
7.787927355963872311e-02
7.788443391899041446e-02
7.788962544894353912e-02
7.789484811818719878e-02
7.790010189821450215e-02
7.790538677888257657e-02
7.791070277406958455e-02
7.791604983443438381e-02
7.792142793389318645e-02
7.792683706035738456e-02
7.793227722393153423e-02
7.793774835935349254e-02
7.794325050327374771e-02
7.794878359293455627e-02
7.795434761827838011e-02
7.795994256793831179e-02
7.796556841946526706e-02
7.797122516542183412e-02
7.797691277102374030e-02
7.798263124965842952e-02
7.798838055134466041e-02
7.799416067254349993e-02
7.799997156350640948e-02
7.800581325594294069e-02
7.801168567906983931e-02
7.801758885834338131e-02
7.802352275216106747e-02
7.802948736131835872e-02
7.803548264811700774e-02
7.804150862800630917e-02
7.804756522359163062e-02
7.805365246339635021e-02
7.805977031643122899e-02
7.806591874930958463e-02
7.807209779378498915e-02
7.807830737583421055e-02
7.808454748983990890e-02
7.809081814188519044e-02
7.809711931380106109e-02
7.810345096302054313e-02
7.810981306599043550e-02
7.811620563306308218e-02
7.812262860859274516e-02
7.812908201657352281e-02
7.813556584607646294e-02
7.814208000605422921e-02
7.814862456179105799e-02
7.815519945712247341e-02
7.816180464068424316e-02
7.816844017073396045e-02
7.817510599573729291e-02
7.818180207366356993e-02
7.818852838888674939e-02
7.819528493493259347e-02
7.820207171662699186e-02
7.820888869830905366e-02
7.821573584743214680e-02
7.822261316373035900e-02
7.822952063602542361e-02
7.823645820761969405e-02
7.824342588478400140e-02
7.825042366082021750e-02
7.825745151025481627e-02
7.826450940240492482e-02
7.827159735519091666e-02
7.827871530014630930e-02
7.828586324419326004e-02
7.829304119318382382e-02
7.830024907842479676e-02
7.830748693113817605e-02
7.831475471844208391e-02
7.832205240306089333e-02
7.832937997926489593e-02
7.833673742967262044e-02
7.834412473179286351e-02
7.835154187804906079e-02
7.835898885864071850e-02
7.836646562480502343e-02
7.837397218085812023e-02
7.838150849876193704e-02
7.838907457581816007e-02
7.839667038130537779e-02
7.840429587782829501e-02
7.841195110991407147e-02
7.841963599527426720e-02
7.842735054797439487e-02
7.843509474608890975e-02
7.844286856932136676e-02
7.845067199366982658e-02
7.845850501307170821e-02
7.846636760625309848e-02
7.847425974059496490e-02
7.848218142474593095e-02
7.849013261309585598e-02
7.849811331429258632e-02
7.850612350311608756e-02
7.851416313013785675e-02
7.852223223302944033e-02
7.853033073708062806e-02
7.853845867564258898e-02
7.854661600951563794e-02
7.855480269062845022e-02
7.856301874482907177e-02
7.857126415117954288e-02
7.857953887048449437e-02
7.858784288435181897e-02
7.859617620645827085e-02
7.860453879987708281e-02
7.861293062434367152e-02
7.862135167728191709e-02
7.862980195301828845e-02
7.863828144393185393e-02
7.864679012627549815e-02
7.865532793710244830e-02
7.866389490279822316e-02
7.867249100713270826e-02
7.868111621402472389e-02
7.868977050785000427e-02
7.869845390981225486e-02
7.870716632737059792e-02
7.871590781242139567e-02
7.872467830083204610e-02
7.873347781442091575e-02
7.874230632636380900e-02
7.875116379878900619e-02
7.876005021675253071e-02
7.876896558440997509e-02
7.877790984153393294e-02
7.878688300898793739e-02
7.879588506887293120e-02
7.880491599139152759e-02
7.881397577308348057e-02
7.882306438477841570e-02
7.883218181224890819e-02
7.884132802379754945e-02
7.885050299572733679e-02
7.885970675814757413e-02
7.886893926407372024e-02
7.887820046703061805e-02
7.888749040314402272e-02
7.889680903356488528e-02
7.890615632181136041e-02
7.891553228258661734e-02
7.892493688269183738e-02
7.893437008656481457e-02
7.894383188641596050e-02
7.895332228621333714e-02
7.896284123366784091e-02
7.897238875005596626e-02
7.898196479580023299e-02
7.899156936733375822e-02
7.900120243958673460e-02
7.901086398305338931e-02
7.902055399291135762e-02
7.903027246009600160e-02
7.904001934707509391e-02
7.904979463492875502e-02
7.905959833434487993e-02
7.906943040801370226e-02
7.907929083831305439e-02
7.908917959355581118e-02
7.909909669096761020e-02
7.910904208776281532e-02
7.911901579618352276e-02
7.912901777443635820e-02
7.913904799418894354e-02
7.914910647203136917e-02
7.915919315825634128e-02
7.916930803502067460e-02
7.917945108613619332e-02
7.918962234522682053e-02
7.919982174765734240e-02
7.921004928572789039e-02
7.922030493204086643e-02
7.923058868527824150e-02
7.924090051449872441e-02
7.925124042344841579e-02
7.926160839070514608e-02
7.927200436847919862e-02
7.928242836997295706e-02
7.929288035916629007e-02
7.930336032442299177e-02
7.931386826473879603e-02
7.932440412497135385e-02
7.933496793317303120e-02
7.934555965175245362e-02
7.935617927141218331e-02
7.936682675239192797e-02
7.937750210461602673e-02
7.938820528864752590e-02
7.939893628618957533e-02
7.940969511276300963e-02
7.942048173080991369e-02
7.943129610154610332e-02
7.944213824274691527e-02
7.945300809378531837e-02
7.946390570417724564e-02
7.947483101602627331e-02
7.948578401151897010e-02
7.949676467717245454e-02
7.950777301955380683e-02
7.951880896921635633e-02
7.952987253666576883e-02
7.954096372055542707e-02
7.955208247501370511e-02
7.956322882391907159e-02
7.957440268827660479e-02
7.958560412421540609e-02
7.959683305999851188e-02
7.960808950272255102e-02
7.961937342783725891e-02
7.963068480692665763e-02
7.964202363905709126e-02
7.965338991533198187e-02
7.966478360181614149e-02
7.967620468400325728e-02
7.968765316777752516e-02
7.969912898830443237e-02
7.971063216318151345e-02
7.972216267260361089e-02
7.973372049994452426e-02
7.974530560096362852e-02
7.975691799577289132e-02
7.976855763883163031e-02
7.978022454703763422e-02
7.979191865485557589e-02
7.980364001817666364e-02
7.981538853296545055e-02
7.982716426097453966e-02
7.983896712731269885e-02
7.985079714624995773e-02
7.986265430870929938e-02
7.987453856882463510e-02
7.988644990670938639e-02
7.989838833152319852e-02
7.991035380718651548e-02
7.992234633281930511e-02
7.993436589686547800e-02
7.994641244773600941e-02
7.995848600013508167e-02
7.997058653174222986e-02
7.998271401123774327e-02
7.999486844122168094e-02
8.000704978582670601e-02
8.001925804473505877e-02
8.003149318066425655e-02
8.004375520465319138e-02
8.005604408036576247e-02
8.006835980747217807e-02
8.008070236153415344e-02
8.009307170334178938e-02
8.010546783528291193e-02
8.011789073717152931e-02
8.013034041750333181e-02
8.014281682729865186e-02
8.015531994346203337e-02
8.016784978977634091e-02
8.018040631040117272e-02
8.019298951972445022e-02
8.020559937974598708e-02
8.021823585753587449e-02
8.023089896152905964e-02
8.024358868909708953e-02
8.025630499310967836e-02
8.026904786407587644e-02
8.028181727755451247e-02
8.029461327128201154e-02
8.030743576787627291e-02
8.032028478158145801e-02
8.033316026728981596e-02
8.034606223786752710e-02
8.035899065126277108e-02
8.037194550481255306e-02
8.038492677075383119e-02
8.039793445983423048e-02
8.041096852757151359e-02
8.042402897103255455e-02
8.043711577718246075e-02
8.045022890303595020e-02
8.046336835121482844e-02
8.047653411529187562e-02
8.048972614896349187e-02
8.050294448725166252e-02
8.051618906096949524e-02
8.052945986518271482e-02
8.054275689682444117e-02
8.055608014343809686e-02
8.056942959204449473e-02
8.058280519655824925e-02
8.059620694668180596e-02
8.060963484462198292e-02
8.062308889417105218e-02
8.063656902309962460e-02
8.065007522185586863e-02
8.066360751308214450e-02
8.067716586785883548e-02
8.069075025199054507e-02
8.070436066225290805e-02
8.071799708189453249e-02
8.073165947346225280e-02
8.074534785620540722e-02
8.075906218225936684e-02
8.077280245473758558e-02
8.078656867020388155e-02
8.080036078570781988e-02
8.081417879522280467e-02
8.082802269131759976e-02
8.084189240955613753e-02
8.085578798480781704e-02
8.086970939988767648e-02
8.088365661349253277e-02
8.089762963423582920e-02
8.091162841591809096e-02
8.092565294755274530e-02
8.093970324463028998e-02
8.095377833823681757e-02
8.096787944249440871e-02
8.098200649514961103e-02
8.099615931814470315e-02
8.101033784136739413e-02
8.102454211745858947e-02
8.103877199582161517e-02
8.105302755344398480e-02
8.106730873848817798e-02
8.108161550186920863e-02
8.109594784147906854e-02
8.111030574116923075e-02
8.112468918332906009e-02
8.113909811442643338e-02
8.115353253878106188e-02
8.116799243643908757e-02
8.118247786278984246e-02
8.119698875984449060e-02
8.121152504886512691e-02
8.122608679348622407e-02
8.124067391309090780e-02
8.125528639855260360e-02
8.126992423298708135e-02
8.128458748056867356e-02
8.129927602863618041e-02
8.131398990077748357e-02
8.132872905284421750e-02
8.134349349351845115e-02
8.135828321057678170e-02
8.137309821653208874e-02
8.138793847184438990e-02
8.140280393263767122e-02
8.141769459058763314e-02
8.143261050001171508e-02
8.144755152027867429e-02
8.146251768002632510e-02
8.147750902035236220e-02
8.149252545616110510e-02
8.150756701853623110e-02
8.152263366043746573e-02
8.153772538822209870e-02
8.155284220443825838e-02
8.156798404516277246e-02
8.158315089667796116e-02
8.159834277803970637e-02
8.161355965056155126e-02
8.162880149074824843e-02
8.164406830652259917e-02
8.165936004619266109e-02
8.167467672380515631e-02
8.169001831726603602e-02
8.170538482430707294e-02
8.172077618763783080e-02
8.173619243167948301e-02
8.175163352643216585e-02
8.176709951144513211e-02
8.178259024108150421e-02
8.179810578636596829e-02
8.181364612254220237e-02
8.182921124902196863e-02
8.184480111886775766e-02
8.186041575833341577e-02
8.187605505058388744e-02
8.189171907490191971e-02
8.190740775483699998e-02
8.192312115154286312e-02
8.193885920912022391e-02
8.195462191551593223e-02
8.197040921729788210e-02
8.198622110174938471e-02
8.200205758491378727e-02
8.201791873066364980e-02
8.203380436455885716e-02
8.204971452462671289e-02
8.206564926494568091e-02
8.208160852922004314e-02
8.209759223981702436e-02
8.211360039725487669e-02
8.212963307379253508e-02
8.214569021323438192e-02
8.216177177231008544e-02
8.217787781170360351e-02
8.219400815317411124e-02
8.221016289382336584e-02
8.222634198763881241e-02
8.224254540363315491e-02
8.225877323514341199e-02
8.227502536948003153e-02
8.229130176776366934e-02
8.230760250014167168e-02
8.232392751643048678e-02
8.234027677443075954e-02
8.235665026894718743e-02
8.237304796006460206e-02
8.238946990260156977e-02
8.240591606992155038e-02
8.242238632645711160e-02
8.243888078214052506e-02
8.245539939032260623e-02
8.247194215788078431e-02
8.248850903455506867e-02
8.250509999512069259e-02
8.252171498241435421e-02
8.253835408842187527e-02
8.255501720714236713e-02
8.257170440071721906e-02
8.258841560657249892e-02
8.260515082560539180e-02
8.262190999062922481e-02
8.263869314537988786e-02
8.265550029367735307e-02
8.267233137322614611e-02
8.268918631834394628e-02
8.270606521875076278e-02
8.272296804139031567e-02
8.273989467348163984e-02
8.275684520665230193e-02
8.277381959801279054e-02
8.279081776000278559e-02
8.280783977197217482e-02
8.282488558218324692e-02
8.284195521100277959e-02
8.285904857114834154e-02
8.287616563441484174e-02
8.289330650827432534e-02
8.291047107089800916e-02
8.292765936297293028e-02
8.294487125969431107e-02
8.296210692866554104e-02
8.297936621930417089e-02
8.299664909835043070e-02
8.301395566163712048e-02
8.303128583409789820e-02
8.304863960166863901e-02
8.306601688274535544e-02
8.308341779394914917e-02
8.310084224075939274e-02
8.311829019499036852e-02
8.313576171063252751e-02
8.315325669148283805e-02
8.317077520189192219e-02
8.318831711066954071e-02
8.320588252618624225e-02
8.322347135454684353e-02
8.324108359747858787e-02
8.325871922391006597e-02
8.327637824440919934e-02
8.329406062258802590e-02
8.331176640302358216e-02
8.332949555659979746e-02
8.334724799251963523e-02
8.336502379994310818e-02
8.338282286591615355e-02
8.340064522626682020e-02
8.341849078049871913e-02
8.343635967198603787e-02
8.345425180510952778e-02
8.347216707369749245e-02
8.349010556675205696e-02
8.350806727051987566e-02
8.352605215152007767e-02
8.354406015710449940e-02
8.356209134598054089e-02
8.358014568070043504e-02
8.359822307028283439e-02
8.361632358897623518e-02
8.363444716817107494e-02
8.365259382148390599e-02
8.367076353774434427e-02
8.368895624111334641e-02
8.370717196914834179e-02
8.372541078275168303e-02
8.374367248091828253e-02
8.376195717226581072e-02
8.378026484874813440e-02
8.379859551144881735e-02
8.381694904063737017e-02
8.383532551415984191e-02
8.385372484637693136e-02
8.387214701976163089e-02
8.389059206060830998e-02
8.390906004256261375e-02
8.392755078262680024e-02
8.394606433397175382e-02
8.396460071150831095e-02
8.398315984253085231e-02
8.400174178363174760e-02
8.402034651207615501e-02
8.403897390309537918e-02
8.405762406385000607e-02
8.407629695221342792e-02
8.409499252816282633e-02
8.411371074239964996e-02
8.413245165980577644e-02
8.415121518620714836e-02
8.417000135864328991e-02
8.418881017283419421e-02
8.420764154930288070e-02
8.422649550300263799e-02
8.424537206431827185e-02
8.426427114757792380e-02
8.428319277723358982e-02
8.430213701093167145e-02
8.432110370573869806e-02
8.434009289278966703e-02
8.435910453211825644e-02
8.437813866871853030e-02
8.439719523553558533e-02
8.441627429018803974e-02
8.443537571255445295e-02
8.445449956149389537e-02
8.447364578488751607e-02
8.449281437176713039e-02
8.451200533687569516e-02
8.453121863050998275e-02
8.455045422130022525e-02
8.456971219127079609e-02
8.458899237950130712e-02
8.460829490889267002e-02
8.462761968100229737e-02
8.464696673044130870e-02
8.466633599722359071e-02
8.468572748214391044e-02
8.470514121732758417e-02
8.472457705356144231e-02
8.474403511260084065e-02
8.476351536896700734e-02
8.478301772903817923e-02
8.480254220155605815e-02
8.482208878600598634e-02
8.484165745326054109e-02
8.486124825142107864e-02
8.488086117996421209e-02
8.490049611374499150e-02
8.492015308681502561e-02
8.493983204820870769e-02
8.495953303819055169e-02
8.497925597126264330e-02
8.499900094162139708e-02
8.501876784923034780e-02
8.503855672765224527e-02
8.505836758350865390e-02
8.507820031737234334e-02
8.509805492521646531e-02
8.511793144175128223e-02
8.513782988755864978e-02
8.515775013880992617e-02
8.517769224754288826e-02
8.519765613796184689e-02
8.521764185137310765e-02
8.523764932783892134e-02
8.525767867062339356e-02
8.527772975103799225e-02
8.529780262823351278e-02
8.531789721234997459e-02
8.533801344791318300e-02
8.535815150682994623e-02
8.537831118809977027e-02
8.539849255828860231e-02
8.541869558120966655e-02
8.543892024558547016e-02
8.545916657909434500e-02
8.547943454781160855e-02
8.549972407037413624e-02
8.552003519921691499e-02
8.554036789323946066e-02
8.556072218014972031e-02
8.558109796372147249e-02
8.560149530388959371e-02
8.562191414100210618e-02
8.564235448510526538e-02
8.566281631770826521e-02
8.568329959714267308e-02
8.570380433507937545e-02
8.572433055711885241e-02
8.574487818445261644e-02
8.576544720135276245e-02
8.578603760597436345e-02
8.580664936783294339e-02
8.582728252195953589e-02
8.584793702371290580e-02
8.586861289528657792e-02
8.588931003777187934e-02
8.591002854778313769e-02
8.593076833549746774e-02
8.595152932581083538e-02
8.597231161665198906e-02
8.599311517631813562e-02
8.601393992965575275e-02
8.603478592854972573e-02
8.605565313547561268e-02
8.607654151786291175e-02
8.609745106533893411e-02
8.611838175901899428e-02
8.613933366942644332e-02
8.616030664006391060e-02
8.618130075428137582e-02
8.620231592384572372e-02
8.622335216403043123e-02
8.624440948728429035e-02
8.626548788417214009e-02
8.628658730070611071e-02
8.630770779100778445e-02
8.632884925559197731e-02
8.635001163037811511e-02
8.637119503154773448e-02
8.639239949389901363e-02
8.641362483651499060e-02
8.643487112588685295e-02
8.645613829812065498e-02
8.647742645695602470e-02
8.649873542054795084e-02
8.652006531823856761e-02
8.654141609422837111e-02
8.656278763629896011e-02
8.658418009566577755e-02
8.660559334237495632e-02
8.662702738231893573e-02
8.664848221648090154e-02
8.666995783930470099e-02
8.669145421566933074e-02
8.671297130612945492e-02
8.673450914149756497e-02
8.675606773311837772e-02
8.677764699313092467e-02
8.679924691213099230e-02
8.682086752092468829e-02
8.684250880622632063e-02
8.686417073562929803e-02
8.688585330570192111e-02
8.690755648154278867e-02
8.692928026100985028e-02
8.695102458952884417e-02
8.697278946981730485e-02
8.699457494654369571e-02
8.701638094019976954e-02
8.703820746978699341e-02
8.706005451763436376e-02
8.708192203426425027e-02
8.710381004439593511e-02
8.712571853499641306e-02
8.714764750612064015e-02
8.716959682841507462e-02
8.719156663433151599e-02
8.721355684175402523e-02
8.723556748158452223e-02
8.725759846307572232e-02
8.727964982825588136e-02
8.730172153935859825e-02
8.732381354773104121e-02
8.734592595466582343e-02
8.736805860992784278e-02
8.739021159897057689e-02
8.741238487894356646e-02
8.743457836159737595e-02
8.745679208777648594e-02
8.747902611029730047e-02
8.750128031227581704e-02
8.752355472535830461e-02
8.754584934663833806e-02
8.756816416214002752e-02
8.759049911787197829e-02
8.761285423391206029e-02
8.763522948141488911e-02
8.765762483814273920e-02
8.768004029776925445e-02
8.770247589005816802e-02
8.772493150365312520e-02
8.774740721801811694e-02
8.776990299827609754e-02
8.779241875428711595e-02
8.781495455185718557e-02
8.783751034578603234e-02
8.786008612842244325e-02
8.788268192031331583e-02
8.790529766201213291e-02
8.792793331933013157e-02
