9.509131841435620913e+01
1.895855887808360762e+02
2.835498326047841715e+02
3.771000512932214406e+02
4.703600884915145457e+02
5.634194449728711334e+02
6.563363991245905709e+02
7.491478886229137970e+02
8.418770767673062210e+02
9.345383181822963934e+02
1.027140496814847438e+03
1.119689099617131205e+03
1.212187507429768402e+03
1.304637697053449756e+03
1.397040964650772366e+03
1.489397995073761876e+03
1.581709155353096548e+03
1.673974678221662316e+03
1.766194518903892686e+03
1.858368644731323229e+03
1.950497036779141354e+03
2.042579667745628967e+03
2.134616452663330620e+03
2.226607434982954601e+03
2.318552453252318628e+03
2.410451503725725615e+03
2.502304475697827456e+03
2.594111435614200673e+03
2.685872314222860950e+03
2.777587085604851382e+03
2.869255750751186952e+03
2.960878273415914009e+03
3.052454626715640188e+03
3.143984892860487889e+03
3.235469125477768102e+03
3.326907286775369357e+03
3.418299415245470755e+03
3.509645466682680762e+03
3.600945525295257085e+03
3.692199604291547530e+03
3.783407722930823638e+03
3.874569857471486102e+03
3.965686110358019960e+03
4.056756410362491351e+03
4.147780860132050293e+03
4.238759447355981138e+03
4.329692137720611754e+03
4.420578883899328503e+03
4.511419756690343092e+03
4.602214851393773642e+03
4.692964065207909698e+03
4.783667508638965046e+03
4.874325072029194416e+03
4.964936816333774004e+03
5.055502780001490464e+03
5.146023029789795146e+03
5.236497446161301013e+03
5.326926128789659742e+03
5.417309095647372487e+03
5.507646381418571764e+03
5.597938013562691594e+03
5.688184025529679275e+03
5.778384321810453912e+03
5.868539056698028617e+03
5.958648168987086137e+03
6.048711722665002526e+03
6.138729698693351565e+03
6.228702086796959520e+03
6.318628870273713801e+03
6.408510163528198063e+03
6.498345921373077545e+03
6.588136192844213838e+03
6.677881028894449628e+03
6.767580404985130372e+03
6.857234347782353325e+03
6.946842802607717204e+03
7.036405859738701110e+03
7.125923479092131856e+03
7.215395728777386466e+03
7.304822710097585514e+03
7.394204371438666385e+03
7.483540702010991481e+03
7.572831838915934895e+03
7.662077705556812361e+03
7.751278285456005506e+03
7.840433692872661595e+03
7.929543956884402178e+03
8.018609037327930309e+03
8.107628999615453722e+03
8.196603827031505716e+03
8.285533585526356546e+03
8.374418277233857225e+03
8.463257930219264381e+03
8.552052580745839805e+03
8.640802114380669082e+03
8.729506731831612342e+03
8.818166316024624393e+03
8.906780961738091719e+03
8.995350671542151758e+03
9.083875472337002066e+03
9.172355384401174888e+03
9.260790443405705446e+03
9.349180647343402597e+03
9.437526008533885033e+03
9.525826587739684328e+03
9.614082348988531521e+03
9.702293403540234067e+03
9.790459652890753205e+03
9.878581207594010266e+03
9.966658035150210708e+03
1.005469018143925859e+04
1.014267767991627079e+04
1.023062048032192615e+04
1.031851860819655667e+04
1.040637209606030956e+04
1.049418093992669674e+04
1.058194518946589778e+04
1.066966478252061825e+04
1.075733987986659486e+04
1.084497048183859988e+04
1.093255656281795200e+04
1.102009818091314446e+04
1.110759539064379896e+04
1.119504813789515902e+04
1.128245647902301425e+04
1.136982046402447304e+04
1.145714010118990518e+04
1.154441537197428624e+04
1.163164633115078323e+04
1.171883293456759930e+04
1.180597525143428720e+04
1.189307332435701028e+04
1.198012720556022941e+04
1.206713678773558240e+04
1.215410218079919287e+04
1.224102337343135696e+04
1.232790043416307708e+04
1.241473333352615919e+04
1.250152209095136459e+04
1.258826672407026672e+04
1.267496721568410248e+04
1.276162364360027641e+04
1.284823605298562870e+04
1.293480444039792928e+04
1.302132877045004534e+04
1.310780920693327789e+04
1.319424562284505555e+04
1.328063810674754859e+04
1.336698665713609262e+04
1.345329135234226123e+04
1.353955217922758493e+04
1.362576916092886313e+04
1.371194232832511443e+04
1.379807165906950286e+04
1.388415721619691976e+04
1.397019905519293206e+04
1.405619720034517923e+04
1.414215159917446181e+04
1.422806233254260405e+04
1.431392940959149928e+04
1.439975286293999125e+04
1.448553268893068707e+04
1.457126888482251525e+04
1.465696146197270355e+04
1.474261049189524419e+04
1.482821600488145123e+04
1.491377800010250758e+04
1.499929654395885882e+04
1.508477156511382236e+04
1.517020318975913506e+04
1.525559130364212979e+04
1.534093604114001937e+04
1.542623733114241622e+04
1.551149525488363179e+04
1.559670979010256815e+04
1.568188102407909355e+04
1.576700897597217045e+04
1.585209362445027364e+04
1.593713501193251614e+04
1.602213316607455090e+04
1.610708809501088399e+04
1.619199981905940149e+04
1.627686833683184341e+04
1.636169366916138824e+04
1.644647591116420881e+04
1.653121503735214719e+04
1.661591101210365741e+04
1.670056386839228435e+04
1.678517361502518543e+04
1.686974030376215524e+04
1.695426395286885236e+04
1.703874456720740272e+04
1.712318216877236773e+04
1.720757674437271635e+04
1.729192840704806440e+04
1.737623711266634200e+04
1.746050287936237874e+04
1.754472575419798522e+04
1.762890569859497191e+04
1.771304282979257550e+04
1.779713709812534944e+04
1.788118853806919651e+04
1.796519717638613292e+04
1.804916297812253833e+04
1.813308606891079762e+04
1.821696638538652769e+04
1.830080392552151170e+04
1.838459882275848213e+04
1.846835102196125445e+04
1.855206053181723837e+04
1.863572740388011152e+04
1.871935167007847485e+04
1.880293338823990780e+04
1.888647255581582795e+04
1.896996917689613110e+04
1.905342323574595866e+04
1.913683479459727823e+04
1.922020385274495493e+04
1.930353042752908732e+04
1.938681455780937176e+04
1.947005625157446775e+04
1.955325553447914353e+04
1.963641238015345880e+04
1.971952690664006514e+04
1.980259910520626727e+04
1.988562888143184682e+04
1.996861632124297103e+04
2.005156144305375710e+04
2.013446428602373999e+04
2.021732488513216231e+04
2.030014326331022676e+04
2.038291936748746230e+04
2.046565331053587579e+04
2.054834510989127739e+04
2.063099476566691374e+04
2.071360228993980127e+04
2.079616772565148858e+04
2.087869107201456063e+04
2.096117236642411444e+04
2.104361161465966507e+04
2.112600888975638009e+04
2.120836414607375991e+04
2.129067742300658210e+04
2.137294870420809093e+04
2.145517809879010747e+04
2.153736556013711743e+04
2.161951110488190170e+04
2.170161474396170524e+04
2.178367655615424155e+04
2.186569652674218014e+04
2.194767470875952131e+04
2.202961104041885483e+04
2.211150558044082936e+04
2.219335838398383567e+04
2.227516945466055404e+04
2.235693870660054745e+04
2.243866627558640175e+04
2.252035216428501371e+04
2.260199638720664370e+04
2.268359891778576275e+04
2.276515981532214573e+04
2.284667910574737834e+04
2.292815680478437207e+04
2.300959287351138482e+04
2.309098745945902192e+04
2.317234047249983269e+04
2.325365190801405333e+04
2.333492188605158299e+04
2.341615038065641784e+04
2.349733743123339809e+04
2.357848306377086556e+04
2.365958730075503991e+04
2.374065015837439933e+04
2.382167163342907952e+04
2.390265181727921663e+04
2.398359066116383838e+04
2.406448825347252932e+04
2.414534451471167995e+04
2.422615953775661910e+04
2.430693332024160190e+04
2.438766583019552490e+04
2.446835716462272831e+04
2.454900728440488820e+04
2.462961627474726265e+04
2.471018408826114319e+04
2.479071077708241137e+04
2.487119636874791831e+04
2.495164084085326249e+04
2.503204423902195049e+04
2.511240660161304186e+04
2.519272788687919819e+04
2.527300815145283195e+04
2.535324743210061570e+04
2.543344573790309005e+04
2.551360304299837298e+04
2.559371945920748840e+04
2.567379490494686615e+04
2.575382946106685267e+04
2.583382318390142245e+04
2.591377600152049490e+04
2.599368798431734831e+04
2.607355907456450223e+04
2.615338936389209266e+04
2.623317888192184910e+04
2.631292764725522647e+04
2.639263570160684685e+04
2.647230299901986655e+04
2.655192962923425148e+04
2.663151556277984128e+04
2.671106085017964142e+04
2.679056546477696611e+04
2.687002940713480712e+04
2.694945275490363201e+04
2.702883548899193920e+04
2.710817763693048983e+04
2.718747919385726709e+04
2.726674016996230057e+04
2.734596064506517723e+04
2.742514056601577613e+04
2.750428001957150263e+04
2.758337898682130253e+04
2.766243750991225534e+04
2.774145556090065293e+04
2.782043323786210021e+04
2.789937054436718608e+04
2.797826744268987022e+04
2.805712394901057269e+04
2.813594009787568575e+04
2.821471591095974509e+04
2.829345138317334204e+04
2.837214654435820557e+04
2.845080148152743277e+04
2.852941611556546923e+04
2.860799049734683285e+04
2.868652466250310681e+04
2.876501859730240903e+04
2.884347231470801125e+04
2.892188583574371660e+04
2.900025925384393486e+04
2.907859249763871412e+04
2.915688565505854785e+04
2.923513870097856852e+04
2.931335160995679689e+04
2.939152446843695361e+04
2.946965728124625093e+04
2.954775009224053792e+04
2.962580283555366623e+04
2.970381562371268956e+04
2.978178847502407370e+04
2.985972141359725720e+04
2.993761440044863048e+04
3.001546741852309060e+04
3.009328058400090958e+04
3.017105386972505949e+04
3.024878727646431798e+04
3.032648089116892879e+04
3.040413465964881107e+04
3.048174866207463128e+04
3.055932281512511690e+04
3.063685725217112122e+04
3.071435196829311462e+04
3.079180689183166032e+04
3.086922214950576017e+04
3.094659775195373004e+04
3.102393363056454109e+04
3.110122993297210996e+04
3.117848654545454701e+04
3.125570361716529078e+04
3.133288105573016946e+04
3.141001892611685980e+04
3.148711728076681175e+04
3.156417603700781910e+04
3.164119528905517291e+04
3.171817507893031870e+04
3.179511530699950163e+04
3.187201603408559458e+04
3.194887730952280981e+04
3.202569916983325675e+04
3.210248161669737237e+04
3.217922466815884400e+04
3.225592834819552081e+04
3.233259266960632158e+04
3.240921763121792173e+04
3.248580330922213761e+04
3.256234966985419669e+04
3.263885675112228273e+04
3.271532459777752956e+04
3.279175321943291783e+04
3.286814256153289898e+04
3.294449267948778288e+04
3.302080363990631304e+04
3.309707544635497470e+04
3.317330810505273985e+04
3.324950165604452923e+04
3.332565602340413170e+04
3.340177135918122804e+04
3.347784761573756259e+04
3.355388476511328918e+04
3.362988287056187983e+04
3.370584198522689258e+04
3.378176210423932207e+04
3.385764325323502999e+04
3.393348540431706351e+04
3.400928863646298123e+04
3.408505288681112870e+04
3.416077823423541849e+04
3.423646470015204977e+04
3.431211226195449854e+04
3.438772103480985970e+04
3.446329091084680840e+04
3.453882196419921092e+04
3.461431423788158281e+04
3.468976773365156259e+04
3.476518249091393227e+04
3.484055848216158483e+04
3.491589575323883764e+04
3.499119432753862930e+04
3.506645423878733709e+04
3.514167546039408626e+04
3.521685804431891302e+04
3.529200202357771195e+04
3.536710737485258869e+04
3.544217414460577857e+04
3.551720230231739697e+04
3.559219192595256027e+04
3.566714299340371508e+04
3.574205553749013779e+04
3.581692956614133436e+04
3.589176514673737984e+04
3.596656220826090430e+04
3.604132082658255240e+04
3.611604105812427588e+04
3.619072280876930745e+04
3.626536618375375838e+04
3.633997118421440973e+04
3.641453778373778187e+04
3.648906609197893704e+04
3.656355610211329622e+04
3.663800773274210223e+04
3.671242106040241924e+04
3.678679616168323264e+04
3.686113298510195455e+04
3.693543155887103057e+04
3.700969193585505127e+04
3.708391408068551391e+04
3.715809808127275028e+04
3.723224387281025702e+04
3.730635153232345328e+04
3.738042109874577727e+04
3.745445252804152551e+04
3.752844589695768809e+04
3.760240120476308948e+04
3.767631846256191784e+04
3.775019764713430050e+04
3.782403881265210657e+04
3.789784195364615152e+04
3.797160710235390434e+04
3.804533423174420022e+04
3.811902341335497476e+04
3.819267461991437449e+04
3.826628787134546292e+04
3.833986323695081956e+04
3.841340069728886738e+04
3.848690024563820771e+04
3.856036194966994663e+04
3.863378578306101554e+04
3.870717182407258952e+04
3.878051997557567665e+04
3.885383034606913134e+04
3.892710294206894469e+04
3.900033774475117389e+04
3.907353479060201062e+04
3.914669413316401187e+04
3.921981570991205808e+04
3.929289963471679221e+04
3.936594587643283012e+04
3.943895439379453455e+04
3.951192530178522429e+04
3.958485857645249780e+04
3.965775427205720189e+04
3.973061236102894327e+04
3.980343286086928856e+04
3.987621576774370624e+04
3.994896114810843574e+04
4.002166905099322321e+04
4.009433939483553695e+04
4.016697229842546949e+04
4.023956769550604804e+04
4.031212565335124964e+04
4.038464613069479674e+04
4.045712922349634755e+04
4.052957491445330379e+04
4.060198322255354287e+04
4.067435417705401778e+04
4.074668779231916415e+04
4.081898406091334618e+04
4.089124303578085528e+04
4.096346469352882559e+04
4.103564910108967888e+04
4.110779621982469689e+04
4.117990615702984360e+04
4.125197884112515749e+04
4.132401436458518583e+04
4.139601262600960763e+04
4.146797370948023308e+04
4.153989769193693792e+04
4.161178445512903272e+04
4.168363408257880656e+04
4.175544661773108965e+04
4.182722204008496919e+04
4.189896036580315558e+04
4.197066167139892787e+04
4.204232593156384246e+04
4.211395315254504385e+04
4.218554337207444041e+04
4.225709655630279303e+04
4.232861280075684772e+04
4.240009204299757403e+04
4.247153437669404957e+04
4.254293976316168119e+04
4.261430827079148730e+04
4.268563988121629518e+04
4.275693460053605668e+04
4.282819248077157681e+04
4.289941355228905013e+04
4.297059779902252194e+04
4.304174522000911384e+04
4.311285589717620314e+04
4.318392979550061864e+04
4.325496690465750726e+04
4.332596729869107367e+04
4.339693098798146821e+04
4.346785798312081897e+04
4.353874830757145537e+04
4.360960197266063187e+04
4.368041899392178311e+04
4.375119939964295190e+04
4.382194321968196891e+04
4.389265044590361504e+04
4.396332106011787255e+04
4.403395509766375471e+04
4.410455267544354137e+04
4.417511367055083247e+04
4.424563815650757897e+04
4.431612619477110275e+04
4.438657774584472645e+04
4.445699286897532875e+04
4.452737158117472427e+04
4.459771383728328510e+04
4.466801964065174980e+04
4.473828909647518594e+04
4.480852218438983255e+04
4.487871894879976753e+04
4.494887936978852667e+04
4.501900350125825207e+04
4.508909134660288692e+04
4.515914292555756401e+04
4.522915821288048755e+04
4.529913726709727780e+04
4.536908012918460736e+04
4.543898676600968611e+04
4.550885717927100632e+04
4.557869145369253238e+04
4.564848956612782058e+04
4.571825151598591765e+04
4.578797731754620327e+04
4.585766700589736865e+04
4.592732064648086089e+04
4.599693823002871795e+04
4.606651981562534638e+04
4.613606534478143294e+04
4.620557485868442745e+04
4.627504839011840522e+04
4.634448592463500245e+04
4.641388745914577885e+04
4.648325309605106304e+04
4.655258284421068674e+04
4.662187665738501528e+04
4.669113452841106482e+04
4.676035656690100586e+04
4.682954269102366379e+04
4.689869297845460824e+04
4.696780742604070110e+04
4.703688605282091885e+04
4.710592890641473787e+04
4.717493596597993019e+04
4.724390727769056684e+04
4.731284284061647486e+04
4.738174264790919551e+04
4.745060675574887136e+04
4.751943512697516417e+04
4.758822787690616678e+04
4.765698495286585239e+04
4.772570641902435455e+04
4.779439225134555454e+04
4.786304249301769596e+04
4.793165712530312885e+04
4.800023618248552521e+04
4.806877969460853637e+04
4.813728764536656672e+04
4.820576008736898075e+04
4.827419705152302777e+04
4.834259853161649517e+04
4.841096453732220107e+04
4.847929511169841862e+04
4.854759019727406849e+04
4.861584988851826347e+04
4.868407420044622268e+04
4.875226312906001112e+04
4.882041672687743267e+04
4.888853493593349413e+04
4.895661780771853955e+04
4.902466539786205249e+04
4.909267766033169028e+04
4.916065464537862135e+04
4.922859636441126349e+04
4.929650286102009704e+04
4.936437411400469136e+04
4.943221012827847881e+04
4.950001095623590663e+04
4.956777662675714237e+04
4.963550710264664667e+04
4.970320244748313416e+04
4.977086263198624511e+04
4.983848768390629266e+04
4.990607760328028235e+04
4.997363242940969940e+04
5.004115215399896988e+04
5.010863689115843590e+04
5.017608655150212144e+04
5.024350119060197903e+04
5.031088082054792176e+04
5.037822548084529990e+04
5.044553516603236494e+04
5.051280986948373175e+04
5.058004962104402512e+04
5.064725445396966825e+04
5.071442436773369991e+04
5.078155942538452655e+04
5.084865955541891162e+04
5.091572482555561146e+04
5.098275526127211924e+04
5.104975083386363258e+04
5.111671162149785960e+04
5.118363763659254619e+04
5.125052884913179878e+04
5.131738526243675005e+04
5.138420691631657246e+04
5.145099383951239724e+04
5.151774605379348941e+04
5.158446357437808911e+04
5.165114644030870841e+04
5.171779459849396517e+04
5.178440815326581651e+04
5.185098704123598145e+04
5.191753125383630686e+04
5.198404090183472726e+04
5.205051599098595034e+04
5.211695648384204105e+04
5.218336243876160006e+04
5.224973389364371542e+04
5.231607079079441610e+04
5.238237314493201120e+04
5.244864103321907896e+04
5.251487445596951147e+04
5.258107346258636971e+04
5.264723798889982572e+04
5.271336809428669949e+04
5.277946376139296626e+04
5.284552503453453392e+04
5.291155190719124221e+04
5.297754439357788942e+04
5.304350256906013237e+04
5.310942643563613092e+04
5.317531596436560358e+04
5.324117119141904550e+04
5.330699213338086702e+04
5.337277882135727850e+04
5.343853124560704600e+04
5.350424941975224647e+04
5.356993339250734425e+04
5.363558311249647522e+04
5.370119870842490491e+04
5.376678014828354935e+04
5.383232739141981438e+04
5.389784049366889667e+04
5.396331953130994225e+04
5.402876442862501426e+04
5.409417524153583508e+04
5.415955196704970876e+04
5.422489463168235670e+04
5.429020329681072326e+04
5.435547791820525890e+04
5.442071854247948795e+04
5.448592517828841665e+04
5.455109781775844749e+04
5.461623653543472756e+04
5.468134128925108234e+04
5.474641213975588471e+04
5.481144909779162845e+04
5.487645216698360309e+04
5.494142135457001132e+04
5.500635666440580098e+04
5.507125810244629974e+04
5.513612574547763506e+04
5.520095954628275649e+04
5.526575954439986526e+04
5.533052575389720732e+04
5.539525822119916847e+04
5.545995689790043980e+04
5.552462181562597834e+04
5.558925302339182235e+04
5.565385053824130591e+04
5.571841436660958425e+04
5.578294450663744647e+04
5.584744099658541381e+04
5.591190384319822624e+04
5.597633304639125708e+04
5.604072863073604094e+04
5.610509062574315612e+04
5.616941902091022348e+04
5.623371385496214498e+04
5.629797512993357668e+04
5.636220284733508743e+04
5.642639709659238724e+04
5.649055786116388481e+04
5.655468510114378296e+04
5.661877885387339484e+04
5.668283915187673119e+04
5.674686603465400549e+04
5.681085946651591803e+04
5.687481950496901845e+04
5.693874617595469317e+04
5.700263944263521989e+04
5.706649933944069198e+04
5.713032590885042737e+04
5.719411914083371084e+04
5.725787908247979067e+04
5.732160572544896422e+04
5.738529903550617746e+04
5.744895912405159470e+04
5.751258592043835233e+04
5.757617952218075516e+04
5.763973989012136008e+04
5.770326702340366319e+04
5.776676097386378387e+04
5.783022172375737864e+04
5.789364935321790108e+04
5.795704380005368148e+04
5.802040513295985875e+04
5.808373335069260065e+04
5.814702845554682426e+04
5.821029043894854112e+04
5.827351936462832964e+04
5.833671524463733658e+04
5.839987807710807829e+04
5.846300790704538667e+04
5.852610471186520590e+04
5.858916855458623468e+04
5.865219938730393187e+04
5.871519730153529235e+04
5.877816225306508568e+04
5.884109426819171495e+04
5.890399339489233535e+04
5.896685957261474687e+04
5.902969287883797369e+04
5.909249330384976201e+04
5.915526084710776195e+04
5.921799555984228209e+04
5.928069741458477802e+04
5.934336648483061435e+04
5.940600273094268778e+04
5.946860621743722731e+04
5.953117695751347492e+04
5.959371488729504199e+04
5.965622013590959978e+04
5.971869263123173732e+04
5.978113247214780131e+04
5.984353957754730800e+04
5.990591404166131542e+04
5.996825580726637418e+04
6.003056492669426370e+04
6.009284142427721963e+04
6.015508530432452244e+04
6.021729662752650620e+04
6.027947537529351393e+04
6.034162152160731785e+04
6.040373508886381751e+04
6.046581617004644067e+04
6.052786472472575406e+04
6.058988074359654274e+04
6.065186429523838160e+04
6.071381536540991510e+04
6.077573400267946272e+04
6.083762017184092838e+04
6.089947390339963022e+04
6.096129521538117842e+04
6.102308415111462091e+04
6.108484066035462456e+04
6.114656487790973915e+04
6.120825670216201979e+04
6.126991624771877105e+04
6.133154345361639571e+04
6.139313833899445308e+04
6.145470098940193566e+04
6.151623136029202578e+04
6.157772952040002565e+04
6.163919541536978795e+04
6.170062907982111938e+04
6.176203057710904977e+04
6.182339987171669782e+04
6.188473703067535826e+04
6.194604200368128659e+04
6.200731488392969914e+04
6.206855563233052089e+04
6.212976430276400060e+04
6.219094088698844280e+04
6.225208536601468950e+04
6.231319781936113577e+04
6.237427824814320775e+04
6.243532668156705768e+04
6.249634309103408305e+04
6.255732749906268873e+04
6.261827995909907622e+04
6.267920045949031191e+04
6.274008898839889298e+04
6.280094559271568141e+04
6.286177032616892393e+04
6.292256316156254616e+04
6.298332409181210824e+04
6.304405318613674172e+04
6.310475043648929568e+04
6.316541582657228719e+04
6.322604942234686314e+04
6.328665117488478427e+04
6.334722114086850343e+04
6.340775935909922555e+04
6.346826578888672520e+04
6.352874047448822239e+04
6.358918341933355987e+04
6.364959468962354731e+04
6.370997424308092013e+04
6.377032211702632048e+04
6.383063830123419029e+04
6.389092282553300902e+04
6.395117574365562177e+04
6.401139702637578011e+04
6.407158669059461681e+04
6.413174475613236427e+04
6.419187125401635421e+04
6.425196615915609436e+04
6.431202952386362449e+04
6.437206137738946563e+04
6.443206167266462580e+04
6.449203046649937460e+04
6.455196773965241300e+04
6.461187353492908005e+04
6.467174785410882032e+04
6.473159071833307098e+04
6.479140215346467448e+04
6.485118217521886982e+04
6.491093075560768921e+04
6.497064797883825668e+04
6.503033382889257337e+04
6.508998828893098107e+04
6.514961141834934097e+04
6.520920319272066263e+04
6.526876366155860887e+04
6.532829283444061730e+04
6.538779071359855152e+04
6.544725731063169951e+04
6.550669265410499793e+04
6.556609674663605983e+04
6.562546960809669690e+04
6.568481125162121316e+04
6.574412169610780256e+04
6.580340096513675235e+04
6.586264906968107971e+04
6.592186599958529405e+04
6.598105178820359288e+04
6.604020647041265329e+04
6.609933003645710414e+04
6.615842252652338357e+04
6.621748393875795591e+04
6.627651425922672206e+04
6.633551354134498979e+04
6.639448178881051717e+04
6.645341901931918983e+04
6.651232526041973324e+04
6.657120048827344726e+04
6.663004475526566966e+04
6.668885805991083907e+04
6.674764042053317826e+04
6.680639185719288071e+04
6.686511237435624935e+04
6.692380198951179045e+04
6.698246071070048492e+04
6.704108856280491455e+04
6.709968555028160335e+04
6.715825170372831053e+04
6.721678702429703844e+04
6.727529151768019074e+04
6.733376520757623075e+04
6.739220811240309558e+04
6.745062024742284848e+04
6.750900163710325432e+04
6.756735228114570782e+04
6.762567219876775926e+04
6.768396139893452346e+04
6.774221990847907728e+04
6.780044773717447242e+04
6.785864488329774758e+04
6.791681139562556928e+04
6.797494725558612845e+04
6.803305250903133128e+04
6.809112712790963997e+04
6.814917116547396290e+04
6.820718462045807973e+04
6.826516750015730213e+04
6.832311981950783229e+04
6.838104160141092143e+04
6.843893285753602686e+04
6.849679359599534655e+04
6.855462385182493017e+04
6.861242360938435013e+04
6.867019290745156468e+04
6.872793176239948662e+04
6.878564019780649687e+04
6.884331818161027331e+04
6.890096577411796898e+04
6.895858296306336706e+04
6.901616976094237179e+04
6.907372619809773460e+04
6.913125227257711231e+04
6.918874801623726671e+04
6.924621343905144022e+04
6.930364855580060976e+04
6.936105336129205534e+04
6.941842787811160088e+04
6.947577212740172399e+04
6.953308612728171283e+04
6.959036989380035084e+04
6.964762343110908114e+04
6.970484673716378165e+04
6.976203986208602146e+04
6.981920279441821913e+04
6.987633557017255225e+04
6.993343819900191738e+04
6.999051068305147055e+04
7.004755302367697004e+04
7.010456525377613434e+04
7.016154741207486950e+04
7.021849945371231297e+04
7.027542144522047602e+04
7.033231339295806538e+04
7.038917528644086269e+04
7.044600719344898243e+04
7.050280908563095727e+04
7.055958097734182957e+04
7.061632287986463052e+04
7.067303484137968917e+04
7.072971684446834843e+04
7.078636890679789940e+04
7.084299106181962998e+04
7.089958329340624914e+04
7.095614563227916369e+04
7.101267808804768720e+04
7.106918070275572245e+04
7.112565343575486622e+04
7.118209633077254693e+04
7.123850940747909772e+04
7.129489268400317815e+04
7.135124616822876851e+04
7.140756987027573632e+04
7.146386380406742683e+04
7.152012797783223505e+04
7.157636242377987946e+04
7.163256714314839337e+04
7.168874215828604065e+04
7.174488746491842903e+04
7.180100310628826264e+04
7.185708906570667750e+04
7.191314535915701708e+04
7.196917201892571757e+04
7.202516905623557977e+04
7.208113644145702710e+04
7.213707423380596447e+04
7.219298241214817972e+04
7.224886102113894594e+04
7.230471006139094243e+04
7.236052954272876377e+04
7.241631949021674518e+04
7.247207990164386865e+04
7.252781081047057523e+04
7.258351222426374443e+04
7.263918413080784376e+04
7.269482657326788467e+04
7.275043956236093072e+04
7.280602310436042899e+04
7.286157721595297335e+04
7.291710190911825339e+04
7.297259720226011996e+04
7.302806312153321051e+04
7.308349964680027915e+04
7.313890683396425447e+04
7.319428467379559879e+04
7.324963317631892278e+04
7.330495236860401928e+04
7.336024223044939572e+04
7.341550281974374957e+04
7.347073412609547086e+04
7.352593617285997607e+04
7.358110896644298919e+04
7.363625250969402259e+04
7.369136684134922689e+04
7.374645197292887315e+04
7.380150792727019871e+04
7.385653469757521816e+04
7.391153231246117502e+04
7.396650077833728574e+04
7.402144008016321459e+04
7.407635027915846149e+04
7.413123136193440587e+04
7.418608333455082902e+04
7.424090622718955274e+04
7.429570007414698193e+04
7.435046486237039790e+04
7.440520059795133420e+04
7.445990733034515870e+04
7.451458505437328131e+04
7.456923378774010052e+04
7.462385352850775234e+04
7.467844430193661537e+04
7.473300611100306560e+04
7.478753898384195054e+04
7.484204293263496947e+04
7.489651795708722784e+04
7.495096407480511698e+04
7.500538132027580286e+04
7.505976968335178390e+04
7.511412919101594889e+04
7.516845984636367939e+04
7.522276168442005292e+04
7.527703471168773831e+04
7.533127892097980657e+04
7.538549434694639058e+04
7.543968099040976085e+04
7.549383887173101539e+04
7.554796799636399373e+04
7.560206839047363610e+04
7.565614003926551959e+04
7.571018299954039685e+04
7.576419725569681032e+04
7.581818283403341775e+04
7.587213974999572383e+04
7.592606801127121435e+04
7.597996764552830427e+04
7.603383864404105407e+04
7.608768102778849425e+04
7.614149483759741997e+04
7.619528004919421801e+04
7.624903667196222523e+04
7.630276475227969058e+04
7.635646427903270524e+04
7.641013529485710023e+04
7.646377777407404210e+04
7.651739176055451389e+04
7.657097724697695230e+04
7.662453426256550301e+04
7.667806281761082937e+04
7.673156291854807932e+04
7.678503457376772712e+04
7.683847781760363432e+04
7.689189265133596200e+04
7.694527908126807597e+04
7.699863713884823665e+04
7.705196683466702234e+04
7.710526817689341260e+04
7.715854116727320070e+04
7.721178584271400177e+04
7.726500221221556421e+04
7.731819023727555759e+04
7.737134998533909675e+04
7.742448146939250000e+04
7.747758467990091594e+04
7.753065965603302175e+04
7.758370639066962758e+04
7.763672489561015391e+04
7.768971518862618541e+04
7.774267730011908861e+04
7.779561119574657641e+04
7.784851691030341317e+04
7.790139449426114152e+04
7.795424391963800008e+04
7.800706522179782041e+04
7.805985840078369074e+04
7.811262346673295542e+04
7.816536045088327955e+04
7.821806935570490896e+04
7.827075020222440071e+04
7.832340301263738365e+04
7.837602777540001262e+04
7.842862452237933758e+04
7.848119326033742982e+04
7.853373399934737245e+04
7.858624675671650039e+04
7.863873155676330498e+04
7.869118839153557201e+04
7.874361730256812007e+04
7.879601827562153630e+04
7.884839131800191535e+04
7.890073645378180663e+04
7.895305372842335782e+04
7.900534310830495087e+04
7.905760464537880034e+04
7.910983831924329570e+04
7.916204415324328875e+04
7.921422217751655262e+04
7.926637240768443735e+04
7.931849483713318477e+04
7.937058947570706368e+04
7.942265636056203221e+04
7.947469549253354489e+04
7.952670687021860795e+04
7.957869053362026170e+04
7.963064647192059783e+04
7.968257471510021423e+04
7.973447528512000281e+04
7.978634815168578643e+04
7.983819337286447990e+04
7.989001094783643202e+04
7.994180086850916268e+04
7.999356318737236143e+04
8.004529789238834928e+04
8.009700501059078670e+04
8.014868454789098178e+04
8.020033650739977020e+04
8.025196092633235094e+04
8.030355778639538039e+04
8.035512714179386967e+04
8.040666897722762951e+04
8.045818330548658560e+04
8.050967016218925710e+04
8.056112954970188730e+04
8.061256147317674186e+04
8.066396593509905506e+04
8.071534295835952798e+04
8.076669256928113464e+04
8.081801476723364613e+04
8.086930955787266430e+04
8.092057699213179876e+04
8.097181706025107997e+04
8.102302976395311998e+04
8.107421511403127806e+04
8.112537311937181221e+04
8.117650382074767549e+04
8.122760722030463512e+04
8.127868332131703210e+04
8.132973212875809986e+04
8.138075367707006808e+04
8.143174796166093438e+04
8.148271502097122720e+04
8.153365484216540062e+04
8.158456744896883902e+04
8.163545284306138637e+04
8.168631106338556856e+04
8.173714211775221338e+04
8.178794597950777097e+04
8.183872273959549784e+04
8.188947234395392297e+04
8.194019483375515847e+04
8.199089022743195528e+04
8.204155853045918047e+04
8.209219976048934041e+04
8.214281392736318230e+04
8.219340103443543194e+04
8.224396110277944535e+04
8.229449412247391592e+04
8.234500013703484728e+04
8.239547916897690448e+04
8.244593122458276048e+04
8.249635628240912047e+04
8.254675440230278764e+04
8.259712557315247250e+04
8.264746979494813422e+04
8.269778708827597438e+04
8.274807747770575224e+04
8.279834098178958811e+04
8.284857759434297623e+04
8.289878734247566899e+04
8.294897022452636156e+04
8.299912627392324794e+04
8.304925548570226238e+04
8.309935789716042927e+04
8.314943348779247026e+04
8.319948226221346704e+04
8.324950424662510341e+04
8.329949946126500436e+04
8.334946789566833468e+04
8.339940959082009795e+04
8.344932454160659108e+04
8.349921275830177183e+04
8.354907428423264355e+04
8.359890909187754733e+04
8.364871721045310551e+04
8.369849865243949171e+04
8.374825345398097124e+04
8.379798160810518311e+04
8.384768311307711701e+04
8.389735800062546332e+04
8.394700632201314147e+04
8.399662805642194871e+04
8.404622320263860456e+04
8.409579178270169359e+04
8.414533379785237776e+04
8.419484926389783504e+04
8.424433819850569125e+04
8.429380060314599541e+04
8.434323648874815262e+04
8.439264590505078377e+04
8.444202884024163359e+04
8.449138531015378248e+04
8.454071532779696281e+04
8.459001889733369171e+04
8.463929603201830469e+04
8.468854677238852310e+04
8.473777111723895359e+04
8.478696906196187774e+04
8.483614065024360025e+04
8.488528586189718044e+04
8.493440472697011137e+04
8.498349725187959848e+04
8.503256346451464924e+04
8.508160336478408135e+04
8.513061695774660620e+04
8.517960427694479586e+04
8.522856532882458123e+04
8.527750011744778021e+04
8.532640864134309231e+04
8.537529094439759501e+04
8.542414701632699871e+04
8.547297687094721186e+04
8.552178054609561514e+04
8.557055801609145419e+04
8.561930933543106948e+04
8.566803450284936116e+04
8.571673352648608852e+04
8.576540640546972281e+04
8.581405315946834162e+04
8.586267380184317881e+04
8.591126835079684679e+04
8.595983682274275634e+04
8.600837923110384145e+04
8.605689557707417407e+04
8.610538587616167206e+04
8.615385014716201113e+04
8.620228838680831541e+04
8.625070062305947067e+04
8.629908686030525132e+04
8.634744713292212691e+04
8.639578141341300216e+04
8.644408974031324033e+04
8.649237211773278250e+04
8.654062856786946941e+04
8.658885910100184265e+04
8.663706373089761473e+04
8.668524246241420042e+04
8.673339531856066606e+04
8.678152231709445186e+04
8.682962344948935788e+04
8.687769873533220380e+04
8.692574817745802284e+04
8.697377181247809494e+04
8.702176963929901831e+04
8.706974166359531227e+04
8.711768788541734102e+04
8.716560835769167170e+04
8.721350307342040469e+04
8.726137202414550120e+04
8.730921525751822628e+04
8.735703276370419189e+04
8.740482455661149288e+04
8.745259067094462807e+04
8.750033107287398889e+04
8.754804580403857108e+04
8.759573489529604558e+04
8.764339830822580552e+04
8.769103610208709142e+04
8.773864829063513025e+04
8.778623485381467617e+04
8.783379581893375143e+04
8.788133118539217685e+04
8.792884098111720232e+04
8.797632523873972241e+04
8.802378394403219863e+04
8.807121709911363723e+04
8.811862471731187543e+04
8.816600686217988550e+04
8.821336348956743313e+04
8.826069462557244697e+04
8.830800028422537434e+04
8.835528048217066680e+04
8.840253523592495185e+04
8.844976454482047120e+04
8.849696842677873792e+04
8.854414691029371170e+04
8.859129999141204462e+04
8.863842769524671894e+04
8.868553001084884454e+04
8.873260697066670400e+04
8.877965857349033467e+04
8.882668483921309235e+04
8.887368579053159920e+04
8.892066143850212393e+04
8.896761176875767705e+04
8.901453680936494493e+04
8.906143658186250832e+04
8.910831109826169268e+04
8.915516034778136236e+04
8.920198437463578011e+04
8.924878315301833209e+04
8.929555672124995908e+04
8.934230509071078268e+04
8.938902826958561491e+04
8.943572627299900341e+04
8.948239910470794712e+04
8.952904678816866362e+04
8.957566931127893622e+04
8.962226670440602174e+04
8.966883897072456602e+04
8.971538614773291920e+04
8.976190821422534646e+04
8.980840521839249413e+04
8.985487714589397365e+04
8.990132402259991795e+04
8.994774584730422066e+04
8.999414264438868850e+04
9.004051440007112978e+04
9.008686116833827691e+04
9.013318293493139208e+04
9.017947971748180862e+04
9.022575154173874762e+04
9.027199838227020518e+04
9.031822028573918215e+04
9.036441726298771391e+04
9.041058930824669369e+04
9.045673642684715742e+04
9.050285864633401798e+04
9.054895598789898213e+04
9.059502844485113746e+04
9.064107605610204337e+04
9.068709880674551823e+04
9.073309669419680722e+04
9.077906978454027558e+04
9.082501803670843947e+04
9.087094148032472003e+04
9.091684015846281545e+04
9.096271403076528804e+04
9.100856312081366195e+04
9.105438745913417370e+04
9.110018706326282700e+04
9.114596194081862632e+04
9.119171208436720190e+04
9.123743751261266880e+04
9.128313824979930359e+04
9.132881429752282565e+04
9.137446565907998593e+04
9.142009237529453821e+04
9.146569444840519282e+04
9.151127188077913888e+04
9.155682468680501916e+04
9.160235288927347574e+04
9.164785647287577740e+04
9.169333548352590878e+04
9.173878992277804355e+04
9.178421978152297379e+04
9.182962510670472693e+04
9.187500587888523296e+04
9.192036211382941110e+04
9.196569383821274096e+04
9.201100105896465539e+04
9.205628378754918231e+04
9.210154204007856606e+04
9.214677582157700090e+04
9.219198513419457595e+04
9.223717001174915640e+04
9.228233045424186275e+04
9.232746648020170687e+04
9.237257809044017631e+04
9.241766530415922171e+04
9.246272815228867694e+04
9.250776660109127988e+04
9.255278070219432993e+04
9.259777045055733470e+04
9.264273585842098692e+04
9.268767693868004426e+04
9.273259370860779018e+04
9.277748617210013617e+04
9.282235434149343928e+04
9.286719824090519978e+04
9.291201786410315253e+04
9.295681324137687625e+04
9.300158436754981813e+04
9.304633125507173827e+04
9.309105394212045940e+04
9.313575240316154668e+04
9.318042668760460219e+04
9.322507677432578930e+04
9.326970268403591763e+04
9.331430445523909293e+04
9.335888207374964259e+04
9.340343554770489573e+04
9.344796490304580948e+04
9.349247015701820783e+04
9.353695129811335937e+04
9.358140834608730802e+04
9.362584133259965165e+04
9.367025026517963852e+04
9.371463514729231247e+04
9.375899597896642808e+04
9.380333277026770520e+04
9.384764556929857645e+04
9.389193436452759488e+04
9.393619916220943560e+04
9.398043998617511534e+04
9.402465685027821746e+04
9.406884973466279916e+04
9.411301870350843819e+04
9.415716372601354669e+04
9.420128484311680950e+04
9.424538204060861608e+04
9.428945532989077037e+04
9.433350473652343499e+04
9.437753027463830949e+04
9.442153193972079316e+04
9.446550977525036433e+04
9.450946377147479507e+04
9.455339393573197594e+04
9.459730028673655761e+04
9.464118282512770384e+04
9.468504156804135710e+04
9.472887652443590923e+04
9.477268771748192376e+04
9.481647516932994768e+04
9.486023885694217461e+04
9.490397880458965665e+04
9.494769504955684533e+04
9.499138756871185615e+04
9.503505638130182342e+04
9.507870151421669289e+04
9.512232295730545593e+04
9.516592072864557849e+04
9.520949485555755382e+04
9.525304534865867754e+04
9.529657220331348071e+04
9.534007545572667732e+04
9.538355509245548456e+04
9.542701113660617557e+04
9.547044358957809163e+04
9.551385246552055469e+04
9.555723778617446078e+04
9.560059955654563964e+04
9.564393777947631315e+04
9.568725247970901546e+04
9.573054367471075966e+04
9.577381135592382634e+04
9.581705554481675790e+04
9.586027625470972271e+04
9.590347351147918380e+04
9.594664730369245808e+04
9.598979765772873361e+04
9.603292456291269627e+04
9.607602804305765312e+04
9.611910812127741519e+04
9.616216478545902646e+04
9.620519806712582067e+04
9.624820798415860918e+04
9.629119455306520103e+04
9.633415774541541759e+04
9.637709759751429374e+04
9.642001411674481642e+04
9.646290732341111288e+04
9.650577721919793112e+04
9.654862382441601949e+04
9.659144713526604755e+04
9.663424716086372791e+04
9.667702393568048137e+04
9.671977745330554899e+04
9.676250773728021886e+04
9.680521479790646117e+04
9.684789863353104738e+04
9.689055928352253977e+04
9.693319673071595025e+04
9.697581099525700847e+04
9.701840208170865662e+04
9.706097001827097847e+04
9.710351479939179262e+04
9.714603645056675305e+04
9.718853498891745403e+04
9.723101040210464271e+04
9.727346270977793029e+04
9.731589194251639128e+04
9.735829809010279132e+04
9.740068119612589362e+04
9.744304122611523781e+04
9.748537821069479105e+04
9.752769216400482401e+04
9.756998309615996550e+04
9.761225099812170083e+04
9.765449591706231877e+04
9.769671785358390480e+04
9.773891680533398176e+04
9.778109280288184527e+04
9.782324582818264025e+04
9.786537593577498046e+04
9.790748308850618196e+04
9.794956732903048396e+04
9.799162865552639414e+04
9.803366708276954887e+04
9.807568263274712081e+04
9.811767530767216522e+04
9.815964510978986800e+04
9.820159206009452464e+04
9.824351617000486294e+04
9.828541743127003429e+04
9.832729588839854114e+04
9.836915153452991217e+04
9.841098437981228926e+04
9.845279443304230517e+04
9.849458172765183554e+04
9.853634625210746890e+04
9.857808803612842166e+04
9.861980706741100585e+04
9.866150339126183826e+04
9.870317696745823196e+04
9.874482786431598652e+04
9.878645604319941776e+04
9.882806155038546422e+04
9.886964437975453620e+04
9.891120453122720937e+04
9.895274203421061975e+04
9.899425690808171930e+04
9.903574914759061357e+04
9.907721877611271339e+04
9.911866579420588096e+04
9.916009020488741226e+04
9.920149204447933880e+04
9.924287130576781055e+04
9.928422799998754635e+04
9.932556214927311521e+04
9.936687375193642220e+04
9.940816283203692001e+04
9.944942939025980013e+04
9.949067345271512750e+04
9.953189501199012739e+04
9.957309408994650585e+04
9.961427068553531717e+04
9.965542481164862693e+04
9.969655649764105328e+04
9.973766574606572976e+04
9.977875257056235569e+04
9.981981696123546863e+04
9.986085894762653334e+04
9.990187855111656245e+04
9.994287575402074435e+04
9.998385059078177437e+04
1.000248030517213629e+05
1.000657331593197741e+05
1.001066409413214278e+05
1.001475263958668074e+05
1.001883895194654033e+05
1.002292303416873037e+05
1.002700488729972858e+05
1.003108451336357539e+05
1.003516190918430802e+05
1.003923707935085695e+05
1.004331002313172503e+05
1.004738074357341975e+05
1.005144923989840900e+05
1.005551551482412906e+05
1.005957956878075202e+05
1.006364140374462295e+05
1.006770101880555740e+05
1.007175841671525995e+05
1.007581359779209597e+05
1.007986656260662858e+05
1.008391731427194609e+05
1.008796585300621082e+05
1.009201217897555325e+05
1.009605629541436792e+05
1.010009819968719094e+05
1.010413789604630147e+05
1.010817538552771730e+05
1.011221066836140672e+05
1.011624374501836865e+05
1.012027461586017598e+05
1.012430328400241415e+05
1.012832975075877475e+05
1.013235401600467740e+05
1.013637607860212011e+05
1.014039594325162907e+05
1.014441361168895382e+05
1.014842908237682859e+05
1.015244235658493417e+05
1.015645343665600230e+05
1.016046232301019918e+05
1.016446901659402502e+05
1.016847352025740984e+05
1.017247583276585065e+05
1.017647595718447992e+05
1.018047389351188176e+05
1.018446964142302895e+05
1.018846320351070462e+05
1.019245458030785521e+05
1.019644377197469294e+05
1.020043078331113356e+05
1.020441561254020198e+05
1.020839826004079951e+05
1.021237872847782419e+05
1.021635701719389326e+05
1.022033312921855977e+05
1.022430706588124158e+05
1.022827882581049926e+05
1.023224849383515830e+05
1.023621599171988200e+05
1.024018131340349355e+05
1.024414446485578810e+05
1.024810544941580301e+05
1.025206426153387292e+05
1.025602091015290935e+05
1.025997539004494465e+05
1.026392770289420732e+05
1.026787785175303434e+05
1.027182583678707888e+05
1.027577165874355560e+05
1.027971531841348624e+05
1.028365681984708790e+05
1.028759616361315275e+05
1.029153335148980841e+05
1.029546837865836424e+05
1.029940124710703676e+05
1.030333196266103187e+05
1.030726052129550953e+05
1.031118692797452095e+05
1.031511118438790145e+05
1.031903329253668780e+05
1.032295324723945378e+05
1.032687105530912813e+05
1.033078671599127119e+05
1.033470023266297794e+05
1.033861160529059416e+05
1.034252083453895320e+05
1.034642791874369286e+05
1.035033285949796118e+05
1.035423565987943148e+05
1.035813632108796301e+05
1.036203483828052413e+05
1.036593122066459619e+05
1.036982546831123182e+05
1.037371757791912969e+05
1.037760755482052919e+05
1.038149539725719806e+05
1.038538110821655719e+05
1.038926468731750792e+05
1.039314613354303146e+05
1.039702545087863109e+05
1.040090264103164809e+05
1.040477770269138273e+05
1.040865063803161174e+05
1.041252144899128471e+05
1.041639013497881970e+05
1.042025669957814243e+05
1.042412114221550437e+05
1.042798346414842381e+05
1.043184366513134300e+05
1.043570174920361460e+05
1.043955771504585719e+05
1.044341156429401599e+05
1.044726329302701342e+05
1.045111291114768392e+05
1.045496041542509483e+05
1.045880580699836573e+05
1.046264908524534840e+05
1.046649025296009786e+05
1.047032930790752434e+05
1.047416625853551086e+05
1.047800110060213192e+05
1.048183383917844185e+05
1.048566447004575457e+05
1.048949299566270347e+05
1.049331941658424912e+05
1.049714373677997501e+05
1.050096595836941124e+05
1.050478608074861404e+05
1.050860409755063010e+05
1.051242001985506649e+05
1.051623384737503075e+05
1.052004557573226339e+05
1.052385520703026559e+05
1.052766274727839918e+05
1.053146819840784010e+05
1.053527155513923208e+05
1.053907281949199241e+05
1.054287199430344772e+05
1.054666907441698568e+05
1.055046407223967690e+05
1.055425698339195515e+05
1.055804781074101047e+05
1.056183655739546666e+05
1.056562321613973618e+05
1.056940779293197702e+05
1.057319029182258091e+05
1.057697070811832964e+05
1.058074904372835153e+05
1.058452530156263238e+05
1.058829948244958505e+05
1.059207158974229678e+05
1.059584161956487660e+05
1.059960957190029585e+05
1.060337545696289890e+05
1.060713926877504127e+05
1.061090100927452731e+05
1.061466067719038401e+05
1.061841827523536922e+05
1.062217380550626694e+05
1.062592727334141091e+05
1.062967867276245524e+05
1.063342801029889524e+05
1.063717528190783341e+05
1.064092049088834465e+05
1.064466363714054169e+05
1.064840472579122143e+05
1.065214375454076071e+05
1.065588072181571479e+05
1.065961563097271573e+05
1.066334848792971898e+05
1.066707928712214198e+05
1.067080802879557887e+05
1.067453472126475244e+05
1.067825935920380580e+05
1.068198194410263968e+05
1.068570248275564954e+05
1.068942097055510676e+05
1.069313740996144625e+05
1.069685179879400093e+05
1.070056414269241068e+05
1.070427444549666834e+05
1.070798269950993126e+05
1.071168891157163162e+05
1.071539307915766112e+05
1.071909521173424437e+05
1.072279529798022704e+05
1.072649334612034872e+05
1.073018936044853763e+05
1.073388333454877284e+05
1.073757527187442320e+05
1.074126517334404925e+05
1.074495304572688183e+05
1.074863888143543154e+05
1.075232268517038028e+05
1.075600445967305423e+05
1.075968420092389279e+05
1.076336191485928575e+05
1.076703759702718962e+05
1.077071125650984613e+05
1.077438288664482679e+05
1.077805249273064546e+05
1.078172007542401843e+05
1.078538563740665268e+05
1.078904917844529409e+05
1.079271070125227707e+05
1.079637020236418612e+05
1.080002768201866857e+05
1.080368314659596363e+05
1.080733658997702296e+05
1.081098801896057266e+05
1.081463743183539336e+05
1.081828483648204710e+05
1.082193022320078308e+05
1.082557359591800050e+05
1.082921496335476550e+05
1.083285432127552922e+05
1.083649166949260252e+05
1.084012700953005551e+05
1.084376034558344982e+05
1.084739167362018343e+05
1.085102099457774311e+05
1.085464831521996675e+05
1.085827363129423175e+05
1.086189694683409471e+05
1.086551826120056649e+05
1.086913757447294920e+05
1.087275489236942230e+05
1.087637021338493942e+05
1.087998353140870458e+05
1.088359485994780116e+05
1.088720419392970653e+05
1.089081153263050364e+05
1.089441687416091590e+05
1.089802022661319788e+05
1.090162158546279970e+05
1.090522095618174499e+05
1.090881834162723098e+05
1.091241374087948352e+05
1.091600714677357755e+05
1.091959857075100008e+05
1.092318801136308757e+05
1.092677546715507633e+05
1.093036094304946164e+05
1.093394443524593516e+05
1.093752594355227775e+05
1.094110547716524161e+05
1.094468302991368837e+05
1.094825860296734172e+05
1.095183219863092090e+05
1.095540382123149029e+05
1.095897346655231813e+05
1.096254114060166612e+05
1.096610684161509998e+05
1.096967056893295667e+05
1.097323232812072238e+05
1.097679211938915541e+05
1.098034994011744711e+05
1.098390579586469976e+05
1.098745968583131180e+05
1.099101160431378376e+05
1.099456155985379446e+05
1.099810955172076647e+05
1.100165558321308636e+05
1.100519965123793227e+05
1.100874175981630251e+05
1.101228190441218612e+05
1.101582009269767004e+05
1.101935632154191262e+05
1.102289059403657157e+05
1.102642291148192162e+05
1.102995327258827601e+05
1.103348168034765840e+05
1.103700813793648122e+05
1.104053263913226110e+05
1.104405519459580391e+05
1.104757579691431310e+05
1.105109445158428716e+05
1.105461115633618319e+05
1.105812591488991311e+05
1.106163872770285816e+05
1.106514959165066102e+05
1.106865851742455416e+05
1.107216549824102985e+05
1.107567053358337871e+05
1.107917362964831846e+05
1.108267478731665615e+05
1.108617400710905058e+05
1.108967129139486933e+05
1.109316663641632622e+05
1.109666003967783909e+05
1.110015150896448176e+05
1.110364104326725064e+05
1.110712864664595545e+05
1.111061431681213289e+05
1.111409806004349230e+05
1.111757987014303799e+05
1.112105975279015256e+05
1.112453770601552533e+05
1.112801372780876118e+05
1.113148782445630932e+05
1.113495999791771610e+05
1.113843024614891619e+05
1.114189856595018937e+05
1.114536496514801693e+05
1.114882944132312841e+05
1.115229200003829319e+05
1.115575263951375237e+05
1.115921136421634292e+05
1.116266816641023324e+05
1.116612305311268865e+05
1.116957602025947126e+05
1.117302707328073011e+05
1.117647621824227826e+05
1.117992344297443633e+05
1.118336875928191439e+05
1.118681216439383134e+05
1.119025366057463834e+05
1.119369324901037471e+05
1.119713092719655979e+05
1.120056669604156777e+05
1.120400056159835076e+05
1.120743252125073050e+05
1.121086257736650441e+05
1.121429072752985376e+05
1.121771697819859255e+05
1.122114132597896241e+05
1.122456377445363469e+05
1.122798432312999939e+05
1.123140297288997972e+05
1.123481972680925974e+05
1.123823458462221606e+05
1.124164754344920948e+05
1.124505860770044674e+05
1.124846777932304103e+05
1.125187505905977741e+05
1.125528044956346421e+05
1.125868394847086311e+05
1.126208555807408120e+05
1.126548527623266855e+05
1.126888310964403208e+05
1.127227905182251561e+05
1.127567310724829877e+05
1.127906528283711814e+05
1.128245557307796116e+05
1.128584397842059989e+05
1.128923050410720316e+05
1.129261514705841983e+05
1.129599790879173379e+05
1.129937879150437657e+05
1.130275779627620213e+05
1.130613492475019739e+05
1.130951017079585145e+05
1.131288354421382246e+05
1.131625504053107143e+05
1.131962466557659500e+05
1.132299241967118869e+05
1.132635830193550355e+05
1.132972231212423067e+05
1.133308445373313589e+05
1.133644472251800180e+05
1.133980312448682962e+05
1.134315966668152396e+05
1.134651434262474359e+05
1.134986714661672886e+05
1.135321808968452096e+05
1.135656716907249065e+05
1.135991438952777389e+05
1.136325974334950588e+05
1.136660324236512679e+05
1.136994487906129507e+05
1.137328465514465352e+05
1.137662257946846948e+05
1.137995864227556449e+05
1.138329285053212952e+05
1.138662520489985764e+05
1.138995570542934001e+05
1.139328435198614752e+05
1.139661114660663734e+05
1.139993609266424173e+05
1.140325918863295519e+05
1.140658043241174892e+05
1.140989982940106420e+05
1.141321738168713055e+05
1.141653308754707978e+05
1.141984694693940255e+05
1.142315896145408915e+05
1.142646913093864860e+05
1.142977745746621076e+05
1.143308394115903066e+05
1.143638858621650579e+05
1.143969139366697054e+05
1.144299236008512962e+05
1.144629149007672095e+05
1.144958878278827469e+05
1.145288423895903252e+05
1.145617786226162279e+05
1.145946965157791419e+05
1.146275960709954088e+05
1.146604772790246061e+05
1.146933402371102857e+05
1.147261848682203563e+05
1.147590112123079161e+05
1.147918192426724272e+05
1.148246090177147271e+05
1.148573805159169133e+05
1.148901337582436972e+05
1.149228687869545538e+05
1.149555855285871512e+05
1.149882840748200251e+05
1.150209643762136402e+05
1.150536264469380840e+05
1.150862703550211590e+05
1.151188960914760682e+05
1.151515036092116061e+05
1.151840929784207838e+05
1.152166641885043791e+05
1.152492172371120250e+05
1.152817521250715217e+05
1.153142688883519295e+05
1.153467675174832402e+05
1.153792480282994948e+05
1.154117104383461992e+05
1.154441547551860858e+05
1.154765809501884651e+05
1.155089890977371251e+05
1.155413791515496414e+05
1.155737511195190600e+05
1.156061050687620445e+05
1.156384409659026423e+05
1.156707588359359797e+05
1.157030586867785751e+05
1.157353404975109152e+05
1.157676043006983818e+05
1.157998501291782741e+05
