4.139537692708841199e-01
4.120197778831587998e-01
4.111585808063002445e-01
4.106996469365932212e-01
4.104189392762668809e-01
4.102275080298571908e-01
4.100852143828272456e-01
4.099718427866432813e-01
4.098767544645314231e-01
4.097937896781532752e-01
4.097195401168078899e-01
4.096514983655805131e-01
4.095877662749189962e-01
4.095275454006699345e-01
4.094699844622956553e-01
4.094143553146312731e-01
4.093607787635174522e-01
4.093085795280742567e-01
4.092576734323629672e-01
4.092076315427626287e-01
4.091582948082212456e-01
4.091100441599740400e-01
4.090623627195976719e-01
4.090151702661691813e-01
4.089683129783982518e-01
4.089219704496689367e-01
4.088759839768712490e-01
4.088304139650607572e-01
4.087851855065850470e-01
4.087404631314793813e-01
4.086956477260321186e-01
4.086511697499132789e-01
4.086066169710483864e-01
4.085626286086976866e-01
4.085188062062515280e-01
4.084750708199160751e-01
4.084315141153244677e-01
4.083880980444260511e-01
4.083446634942685116e-01
4.083014004394602270e-01
4.082585005072668638e-01
4.082155381833094676e-01
4.081727102380470207e-01
4.081300421899011210e-01
4.080873750841927383e-01
4.080445368407286111e-01
4.080019268474735505e-01
4.079595002758645284e-01
4.079172061604484645e-01
4.078749562412322671e-01
4.078326968530632257e-01
4.077905579810666148e-01
4.077487269962503103e-01
4.077067301211301786e-01
4.076647321041804717e-01
4.076227774937147275e-01
4.075809140611219572e-01
4.075391125770740364e-01
4.074973323386272273e-01
4.074557734645986584e-01
4.074141213394141259e-01
4.073726808072719030e-01
4.073310796948203527e-01
4.072894052447538216e-01
4.072478677983228379e-01
4.072064459387411128e-01
4.071647814854074676e-01
4.071231179470080619e-01
4.070815868343000687e-01
4.070401468400934308e-01
4.069985306115682100e-01
4.069571783589933101e-01
4.069158652002964893e-01
4.068745205141591770e-01
4.068329861624079280e-01
4.067914871982182823e-01
4.067502182993598669e-01
4.067090206041693023e-01
4.066678069604771628e-01
4.066267838678311319e-01
4.065856178709821300e-01
4.065445414142425662e-01
4.065031192065919896e-01
4.064620300283599552e-01
4.064208117214494487e-01
4.063796127862184804e-01
4.063385109368039538e-01
4.062974942728213579e-01
4.062564224921748623e-01
4.062153889715028332e-01
4.061743261473169109e-01
4.061334992929175880e-01
4.060925216115426339e-01
4.060516232048593799e-01
4.060106731993706752e-01
4.059697316754524721e-01
4.059287625037075187e-01
4.058880325762602159e-01
4.058471672937087327e-01
4.058062352363637770e-01
4.057653543876588165e-01
4.057244263516181504e-01
4.056835491745093281e-01
4.056426821686172079e-01
4.056017660175113559e-01
4.055610250559912311e-01
4.055201732064417919e-01
4.054793303124497594e-01
4.054385462401066675e-01
4.053976781413669017e-01
4.053568702733849061e-01
4.053160164426831136e-01
4.052751517408013648e-01
4.052342678473918602e-01
4.051936744665941004e-01
4.051529156317819624e-01
4.051121036885728666e-01
4.050711479211524524e-01
4.050303587558323759e-01
4.049895933103406787e-01
4.049488604389929192e-01
4.049080097537094414e-01
4.048672859186173700e-01
4.048265854920239937e-01
4.047857642690210755e-01
4.047448475524549893e-01
4.047040577828757701e-01
4.046633367314093066e-01
4.046226536614139224e-01
4.045819768196308175e-01
4.045414138102088053e-01
4.045007552637180925e-01
4.044601523021127409e-01
4.044194944948784065e-01
4.043788406560913096e-01
4.043381709134818425e-01
4.042975922786113951e-01
4.042569539895678465e-01
4.042162823113703007e-01
4.041757902105750366e-01
4.041351637903217164e-01
4.040946120357410409e-01
4.040540440584965420e-01
4.040135393173404088e-01
4.039730368587032272e-01
4.039324071773277014e-01
4.038915568398998013e-01
4.038509836949564780e-01
4.038103792266682923e-01
4.037697618058971871e-01
4.037290410859540879e-01
4.036883126440855007e-01
4.036476475280407761e-01
4.036070547295280142e-01
4.035664555418850274e-01
4.035259021660085321e-01
4.034852488285358696e-01
4.034448125348240044e-01
4.034043821692724907e-01
4.033638506978050597e-01
4.033232283814524588e-01
4.032826673320760724e-01
4.032420911231478500e-01
4.032014691200618284e-01
4.031609390360780809e-01
4.031203392028804844e-01
4.030797549584898554e-01
4.030391736487856646e-01
4.029987000847795042e-01
4.029581226056930254e-01
4.029175726020964854e-01
4.028770045478138884e-01
4.028363374522918039e-01
4.027958024918366631e-01
4.027551138870512637e-01
4.027144709818510915e-01
4.026739171185693689e-01
4.026335303749644101e-01
4.025930216244189008e-01
4.025524917372168554e-01
4.025119371303225724e-01
4.024713730442602277e-01
4.024308341539057920e-01
4.023903142062540961e-01
4.023497978717225365e-01
4.023091775497699696e-01
4.022686415953448114e-01
4.022281929570049042e-01
4.021876768094106436e-01
4.021470855112238008e-01
4.021066726434696648e-01
4.020658159277628596e-01
4.020253497349534078e-01
4.019850396621316158e-01
4.019445780450255357e-01
4.019040779430260169e-01
4.018634496985379889e-01
4.018229668520361120e-01
4.017822994336323061e-01
4.017418058278737214e-01
4.017013139210224848e-01
4.016608679277328675e-01
4.016203256097398144e-01
4.015800537258976677e-01
4.015395744002377421e-01
4.014990698253284029e-01
4.014585605998584050e-01
4.014179535472487959e-01
4.013775824104501844e-01
4.013371186978893501e-01
4.012967502690364952e-01
4.012562612940088203e-01
4.012157737994445639e-01
4.011751772795176252e-01
4.011347430148696214e-01
4.010940474740076200e-01
4.010535379152981861e-01
4.010131476298139930e-01
4.009726704437450162e-01
4.009320948401028373e-01
4.008916011815941149e-01
4.008511202599139289e-01
4.008107970714723245e-01
4.007703323989459387e-01
4.007298890205921449e-01
4.006893589394131538e-01
4.006487463691796314e-01
4.006083021658902732e-01
4.005678543509318401e-01
4.005273742051958519e-01
4.004869242057303436e-01
4.004464382183659521e-01
4.004059756919039481e-01
4.003654638717267233e-01
4.003250112434415531e-01
4.002844615500187886e-01
4.002442131926083335e-01
4.002038294954362030e-01
4.001633283262047702e-01
4.001228696671576546e-01
4.000824907393894514e-01
4.000421053892408429e-01
4.000014965986909976e-01
3.999611142240834805e-01
3.999206822788017868e-01
3.998801888508256019e-01
3.998397520935192406e-01
3.997991949060071271e-01
3.997588591359906296e-01
3.997184954229358600e-01
3.996782101411807120e-01
3.996377163279044020e-01
3.995973984573921722e-01
3.995570712774845767e-01
3.995166448725573360e-01
3.994761629367791778e-01
3.994357193592680821e-01
3.993953122726962568e-01
3.993549062789911175e-01
3.993145040466162810e-01
3.992740929831078978e-01
3.992335882744301734e-01
3.991932460748048861e-01
3.991528181969367095e-01
3.991122450854252546e-01
3.990718063639599467e-01
3.990313957212778262e-01
3.989909260384155165e-01
3.989505891266059145e-01
3.989100992095132581e-01
3.988697453880455379e-01
3.988294256203649968e-01
3.987890251584987333e-01
3.987485738361737919e-01
3.987082170493378430e-01
3.986678510004547094e-01
3.986275352181354870e-01
3.985870260477253346e-01
3.985464901702892582e-01
3.985059425168251401e-01
3.984656475729084768e-01
3.984252407503596216e-01
3.983848285959668001e-01
3.983446115484872152e-01
3.983042200373386743e-01
3.982638195345539200e-01
3.982232505887512430e-01
3.981827594949208238e-01
3.981425405707140208e-01
3.981021536283828044e-01
3.980617100322889623e-01
3.980213693825818688e-01
3.979810522709746334e-01
3.979407024174489993e-01
3.979002287147411776e-01
3.978598966301434836e-01
3.978195910435136096e-01
3.977792838334461289e-01
3.977388974352494277e-01
3.976986644027156181e-01
3.976582218924862300e-01
3.976177965047328344e-01
3.975771887090181478e-01
3.975366125427341468e-01
3.974962603958186458e-01
3.974559437519810112e-01
3.974155832232136309e-01
3.973751217696719351e-01
3.973346985916579310e-01
3.972941822956170266e-01
3.972537688634059094e-01
3.972136380443580528e-01
3.971732463335147512e-01
3.971328351363362930e-01
3.970924696031981060e-01
3.970520437060294783e-01
3.970116059241950990e-01
3.969712636423188834e-01
3.969309241928394849e-01
3.968906142926791336e-01
3.968500865404704925e-01
3.968096903427481559e-01
3.967695317796638421e-01
3.967291895541682489e-01
3.966888929943594988e-01
3.966487823674993973e-01
3.966084205171334087e-01
3.965681373411924504e-01
3.965277365806286203e-01
3.964872872716017072e-01
3.964469909540294101e-01
3.964067236345888423e-01
3.963663614826619663e-01
3.963260403000528065e-01
3.962857344339111854e-01
3.962454288596716223e-01
3.962052887986482475e-01
3.961651098548168992e-01
3.961245975560543919e-01
3.960843073327271480e-01
3.960439108898003990e-01
3.960035594302474538e-01
3.959632804864925970e-01
3.959229903276560991e-01
3.958826974026989354e-01
3.958422325741876024e-01
3.958019577287867907e-01
3.957615966064303437e-01
3.957212659158958479e-01
3.956808647640355781e-01
3.956406418269203806e-01
3.956002542493815000e-01
3.955599910169308453e-01
3.955196014367599600e-01
3.954792764357755730e-01
3.954388552036766646e-01
3.953986455374943199e-01
3.953584041877522548e-01
3.953180510843836148e-01
3.952777327378944605e-01
3.952374430857107934e-01
3.951971055640859931e-01
3.951569207892957070e-01
3.951165654929310600e-01
3.950763402704364768e-01
3.950360639083265180e-01
3.949957835579142595e-01
3.949555511247998529e-01
3.949152616712101604e-01
3.948750238136642943e-01
3.948347556895956401e-01
3.947944374981827709e-01
3.947541137243643639e-01
3.947138557733229081e-01
3.946735450798990463e-01
3.946332117504054438e-01
3.945928713625106443e-01
3.945525990770674674e-01
3.945121957577947813e-01
3.944719415392797801e-01
3.944319256901397397e-01
3.943916708153994977e-01
3.943516729273617849e-01
3.943113971518739658e-01
3.942711011794993725e-01
3.942306496473484967e-01
3.941904477558512143e-01
3.941501321829730120e-01
3.941098955395054837e-01
3.940696636853721069e-01
3.940295131714319221e-01
3.939892885180212301e-01
3.939489835733213097e-01
3.939086828333692170e-01
3.938684209764527488e-01
3.938282173344048731e-01
3.937880330536178142e-01
3.937478249824424292e-01
3.937074448993059805e-01
3.936671067555299053e-01
3.936268166955162462e-01
3.935865657367515480e-01
3.935463149838651087e-01
3.935060837577118997e-01
3.934658234752005379e-01
3.934256241950680466e-01
3.933853618487896386e-01
3.933449909361651509e-01
3.933049436606877447e-01
3.932647270008504115e-01
3.932244945052472684e-01
3.931842925698211255e-01
3.931440795603172722e-01
3.931037916146221667e-01
3.930634946325315404e-01
3.930231750546424596e-01
3.929829910879844568e-01
3.929426883493176703e-01
3.929024328624307616e-01
3.928623116345003607e-01
3.928220876547820484e-01
3.927817295448468027e-01
3.927415415350622441e-01
3.927012628874804179e-01
3.926609873529414707e-01
3.926205381167701680e-01
3.925805140583826236e-01
3.925402042913039846e-01
3.925000645464441495e-01
3.924599430803263345e-01
3.924196963232154944e-01
3.923795087336605647e-01
3.923392557470361530e-01
3.922989807210934821e-01
3.922588636332583478e-01
3.922186525351738506e-01
3.921784377189289628e-01
3.921380871857462758e-01
3.920977955954857985e-01
3.920577028096191574e-01
3.920174896146123578e-01
3.919775297297979355e-01
3.919373901098641699e-01
3.918972499239218865e-01
3.918569278884876383e-01
3.918168976900874845e-01
3.917768423252396826e-01
3.917364678885247864e-01
3.916964349843645721e-01
3.916562551630862199e-01
3.916160552404585604e-01
3.915758769897579317e-01
3.915356550798735902e-01
3.914954656829101598e-01
3.914553327078235667e-01
3.914151283318426655e-01
3.913749576964101196e-01
3.913347139087725024e-01
3.912946650895083311e-01
3.912543781141338828e-01
3.912141338670807045e-01
3.911739782057621073e-01
3.911338233818282273e-01
3.910937270723409132e-01
3.910535107774492647e-01
3.910133913512701676e-01
3.909732600789470047e-01
3.909331339010674311e-01
3.908929753158150167e-01
3.908529091644811770e-01
3.908126735148929609e-01
3.907725860893107583e-01
3.907327000146610940e-01
3.906924722610290446e-01
3.906522824435083585e-01
3.906120467781677985e-01
3.905719319405539514e-01
3.905317867756730177e-01
3.904916796302236315e-01
3.904515983026871084e-01
3.904116414064882634e-01
3.903713227893433890e-01
3.903311095236918771e-01
3.902910334690587457e-01
3.902508962735611875e-01
3.902106794280246205e-01
3.901705409509460543e-01
3.901303627938824681e-01
3.900901114326734143e-01
3.900500179329945416e-01
3.900100799779703253e-01
3.899699346764165520e-01
3.899297623587349992e-01
3.898896352175321156e-01
3.898495718418409361e-01
3.898094298919117517e-01
3.897693448179874176e-01
3.897292210908416821e-01
3.896891319409188648e-01
3.896489473485495458e-01
3.896088318904994963e-01
3.895686467698445954e-01
3.895285279609531082e-01
3.894883817375576762e-01
3.894483014091938422e-01
3.894081470996092476e-01
3.893679399295093546e-01
3.893276880147159558e-01
3.892874235469458988e-01
3.892470087124065836e-01
3.892068282559821846e-01
3.891667289045235845e-01
3.891266369809380787e-01
3.890865361057581073e-01
3.890464283547208080e-01
3.890064896687671636e-01
3.889662059347065992e-01
3.889259799452275401e-01
3.888859977458399841e-01
3.888458560084690485e-01
3.888057539551494912e-01
3.887655740562432904e-01
3.887254160444179596e-01
3.886853134436084045e-01
3.886452461548261517e-01
3.886051192388444986e-01
3.885651216966428123e-01
3.885250174332850470e-01
3.884849120614333184e-01
3.884447608761259496e-01
3.884046865497411405e-01
3.883645501299659020e-01
3.883244752282683510e-01
3.882845050882526294e-01
3.882443023338570942e-01
3.882042662331838812e-01
3.881641846257563588e-01
3.881241827407402312e-01
3.880839579627435310e-01
3.880438020579750624e-01
3.880037074842914158e-01
3.879636252420073372e-01
3.879235250868340867e-01
3.878835301671855196e-01
3.878433846517194139e-01
3.878033266375037202e-01
3.877632522772464507e-01
3.877233224608832574e-01
3.876832699088230139e-01
3.876432170475936356e-01
3.876031345280843143e-01
3.875630291493314949e-01
3.875230677994712658e-01
3.874829650221920385e-01
3.874429922936095116e-01
3.874029336029751747e-01
3.873628711507743905e-01
3.873229797761132964e-01
3.872828902735471202e-01
3.872425836882942285e-01
3.872025131074591786e-01
3.871626980316363875e-01
3.871227085549642233e-01
3.870827807985026681e-01
3.870426993786439396e-01
3.870026431297026170e-01
3.869625326730226633e-01
3.869225865200313641e-01
3.868825357875070869e-01
3.868424248952334610e-01
3.868024425773713415e-01
3.867623327974192282e-01
3.867224477890044976e-01
3.866824158516272703e-01
3.866424010170336212e-01
3.866023334670711242e-01
3.865622151729104505e-01
3.865223005673566470e-01
3.864822200056714507e-01
3.864422458910075631e-01
3.864020357427642161e-01
3.863621431068161582e-01
3.863221136452578142e-01
3.862820342217292424e-01
3.862421131974539956e-01
3.862021468155272808e-01
3.861621621687310602e-01
3.861221816503098148e-01
3.860820669403758898e-01
3.860420506343170688e-01
3.860020796764966899e-01
3.859620966850503820e-01
3.859220976284052362e-01
3.858819363007459646e-01
3.858417931817338387e-01
3.858018052210280269e-01
3.857618378263550363e-01
3.857218431476946430e-01
3.856818015121521448e-01
3.856418081149576849e-01
3.856018330238702996e-01
3.855618567793588358e-01
3.855218571641783609e-01
3.854818938481431312e-01
3.854418898320652320e-01
3.854019292445066691e-01
3.853618702304085208e-01
3.853218474251203229e-01
3.852819688789290709e-01
3.852419749697333917e-01
3.852021716314856237e-01
3.851622798063352171e-01
3.851222315269636765e-01
3.850822555035761652e-01
3.850422366987086842e-01
3.850023065482464091e-01
3.849622443575326791e-01
3.849222275696250195e-01
3.848822990455804116e-01
3.848423202488010508e-01
3.848022246016464809e-01
3.847622907897612077e-01
3.847222125139515558e-01
3.846821173754074175e-01
3.846421606886087918e-01
3.846021706959024122e-01
3.845621726111797534e-01
3.845221864017303592e-01
3.844822686273127732e-01
3.844421932870918934e-01
3.844022449210516279e-01
3.843623779288059539e-01
3.843223397318021872e-01
3.842824355535908176e-01
3.842421562775024668e-01
3.842021881242368431e-01
3.841622318294504734e-01
3.841223148824670641e-01
3.840823409021549284e-01
3.840422920852166744e-01
3.840023254524724816e-01
3.839624291209010609e-01
3.839224874157856626e-01
3.838825054921163327e-01
3.838424221539388226e-01
3.838024694132519121e-01
3.837625506241899020e-01
3.837224817817261324e-01
3.836825398588497582e-01
3.836424578243152195e-01
3.836025189306584982e-01
3.835625604617770579e-01
3.835227890171318266e-01
3.834828299372445848e-01
3.834428677998748536e-01
3.834029865138589011e-01
3.833630651405546819e-01
3.833231298965095180e-01
3.832831677578131258e-01
3.832433162161565376e-01
3.832032388513341159e-01
3.831634750165386905e-01
3.831235793168117354e-01
3.830836479637913516e-01
3.830436981819873576e-01
3.830037794976619558e-01
3.829638418978251746e-01
3.829238901233179559e-01
3.828841156976809934e-01
3.828441837526500025e-01
3.828044368126254371e-01
3.827644206660229531e-01
3.827245849677289313e-01
3.826846446929710877e-01
3.826446182423717812e-01
3.826047653575982421e-01
3.825650942842830360e-01
3.825252134786593650e-01
3.824853005103621140e-01
3.824452401113930811e-01
3.824053230347821408e-01
3.823655221217517330e-01
3.823256551711911033e-01
3.822856970899527473e-01
3.822459632103599736e-01
3.822060736369295997e-01
3.821661882469912230e-01
3.821264704058390804e-01
3.820865260846882383e-01
3.820468193336875595e-01
3.820069186353367008e-01
3.819669529785936768e-01
3.819269944989553967e-01
3.818870626356337672e-01
3.818471595296141774e-01
3.818072530760074912e-01
3.817673350983941116e-01
3.817273990268966188e-01
3.816874941908258712e-01
3.816474759790229321e-01
3.816074649517469108e-01
3.815676132356787265e-01
3.815277184022671242e-01
3.814877242649027944e-01
3.814478403758819192e-01
3.814077986734701331e-01
3.813678938332851764e-01
3.813282856653020247e-01
3.812884071698566801e-01
3.812484830360776122e-01
3.812083840276763169e-01
3.811685004974998958e-01
3.811285473437950322e-01
3.810886499532815108e-01
3.810487529614560165e-01
3.810088751478528657e-01
3.809689643564109218e-01
3.809291823484251549e-01
3.808893414055758986e-01
3.808494969401249874e-01
3.808094746452065360e-01
3.807695287126226513e-01
3.807296371312957617e-01
3.806897485382150226e-01
3.806497924606370709e-01
3.806098383997101320e-01
3.805701043240925507e-01
3.805302334340292525e-01
3.804904947740752053e-01
3.804504847289396641e-01
3.804105980348347904e-01
3.803709358345709335e-01
3.803310624383161587e-01
3.802913084286839718e-01
3.802512939665810277e-01
3.802114523515781053e-01
3.801716148035150789e-01
3.801317487795141670e-01
3.800918497463681156e-01
3.800520196860521782e-01
3.800121845690572764e-01
3.799723358144022622e-01
3.799322963040283052e-01
3.798923448065421593e-01
3.798526083076726456e-01
3.798128553089298309e-01
3.797730206131346709e-01
3.797331272645922406e-01
3.796932665580044497e-01
3.796534154532261729e-01
3.796135558096996876e-01
3.795736621636915942e-01
3.795339722990342946e-01
3.794941111222474572e-01
3.794542182815101028e-01
3.794145534203166581e-01
3.793748022383070517e-01
3.793349616719168260e-01
3.792951865951553758e-01
3.792552200839330312e-01
3.792154521884562035e-01
3.791756030222437346e-01
3.791358123283793402e-01
3.790960258804529359e-01
3.790562480171352222e-01
3.790165168022626152e-01
3.789767639750836192e-01
3.789369913778271592e-01
3.788971817447539525e-01
3.788573785077680167e-01
3.788175129412801878e-01
3.787776662191349453e-01
3.787378346463330936e-01
3.786979147398877865e-01
3.786580640283072063e-01
3.786183311335766799e-01
3.785784965701717297e-01
3.785386171844142833e-01
3.784988519221758607e-01
3.784588010594912566e-01
3.784190081399346206e-01
3.783792433181135118e-01
3.783393925024771121e-01
3.782996730689784370e-01
3.782598915610113632e-01
3.782200893704681932e-01
3.781802884746666149e-01
3.781404109871946417e-01
3.781006009553783964e-01
3.780607352960722034e-01
3.780209082620267780e-01
3.779811437420333986e-01
3.779413599002476865e-01
3.779015782717997096e-01
3.778617271611848238e-01
3.778220659789578439e-01
3.777823655869836372e-01
3.777425551569987272e-01
3.777027522943718907e-01
3.776629799827506129e-01
3.776231679158933430e-01
3.775833986596743852e-01
3.775435535291246647e-01
3.775039224760333156e-01
3.774641880519430392e-01
3.774244351235938599e-01
3.773847540060608075e-01
3.773450759640421537e-01
3.773052816281680100e-01
3.772654496397878088e-01
3.772256955519056598e-01
3.771859253098197584e-01
3.771460348493913539e-01
3.771062492315218062e-01
3.770664500454039003e-01
3.770266408303624694e-01
3.769868343076854811e-01
3.769470010425047812e-01
3.769072759738768541e-01
3.768676287962504645e-01
3.768277698962987365e-01
3.767880000491394821e-01
3.767482444352179272e-01
3.767085606141787890e-01
3.766688943536006251e-01
3.766292655886507301e-01
3.765896702583266253e-01
3.765500277078343005e-01
3.765101751618938897e-01
3.764704999560223864e-01
3.764308293942029149e-01
3.763912347581527817e-01
3.763514575456463063e-01
3.763116695170664605e-01
3.762719950027917371e-01
3.762321408919456212e-01
3.761924971106010429e-01
3.761527533546799029e-01
3.761130370084346253e-01
3.760732211706200312e-01
3.760333722521958522e-01
3.759934848263563056e-01
3.759539045102511801e-01
3.759142742264445225e-01
3.758744943072124811e-01
3.758347467087025384e-01
3.757949934350355847e-01
3.757551513168139734e-01
3.757154221516650350e-01
3.756757590057194229e-01
3.756359523594506866e-01
3.755962910204643790e-01
3.755565358302734302e-01
3.755168521357151179e-01
3.754770882508218222e-01
3.754373369164359930e-01
3.753975159213050472e-01
3.753578452142815602e-01
3.753180922109153328e-01
3.752784657116436384e-01
3.752387613036209379e-01
3.751989488624837832e-01
3.751592119179565366e-01
3.751195377541411968e-01
3.750798368500383173e-01
3.750401425070415407e-01
3.750004111579134380e-01
3.749606901001112380e-01
3.749209378060435194e-01
3.748811529980411450e-01
3.748413264267617118e-01
3.748016401909947115e-01
3.747619558735142409e-01
3.747222388221485567e-01
3.746825402293820217e-01
3.746427188201739700e-01
3.746030403218881255e-01
3.745634556741467280e-01
3.745237876495612350e-01
3.744841453625386007e-01
3.744444727901756753e-01
3.744046813261902029e-01
3.743651527954583447e-01
3.743253690011164037e-01
3.742857316844840354e-01
3.742461055805419434e-01
3.742063225912737323e-01
3.741665863069680298e-01
3.741267979623874584e-01
3.740871249719623926e-01
3.740474077356124027e-01
3.740077250174680956e-01
3.739680212969344053e-01
3.739282860111144413e-01
3.738887318301805096e-01
3.738491039286042095e-01
3.738092687455097374e-01
3.737695645937548217e-01
3.737300294516541221e-01
3.736903376546913957e-01
3.736506017429322424e-01
3.736110889983433880e-01
3.735713639009722309e-01
3.735315996257039250e-01
3.734919739664577798e-01
3.734524180432267082e-01
3.734128350673086016e-01
3.733731317190683296e-01
3.733334438301100788e-01
3.732937974238921264e-01
3.732542505181302706e-01
3.732145751259981492e-01
3.731749565881475328e-01
3.731353061300577423e-01
3.730957160255236604e-01
3.730561662320835414e-01
3.730166405167868460e-01
3.729770329266685058e-01
3.729373911022201282e-01
3.728976981541360924e-01
3.728580356414914476e-01
3.728184605745605840e-01
3.727788320882549078e-01
3.727391692581800142e-01
3.726995811667044856e-01
3.726600152224599505e-01
3.726202664853426327e-01
3.725807439199653737e-01
3.725411785859910063e-01
3.725015942456865736e-01
3.724620121991207844e-01
3.724223567588132999e-01
3.723827248243213317e-01
3.723430514892334120e-01
3.723034404002827369e-01
3.722638036295695674e-01
3.722241506099521202e-01
3.721845066420930714e-01
3.721449644424911218e-01
3.721053026627884064e-01
3.720657036041972177e-01
3.720261351708604169e-01
3.719865322940348884e-01
3.719468144432491741e-01
3.719071522464122981e-01
3.718676476551564525e-01
3.718280873516054408e-01
3.717884811192445627e-01
3.717488398209607969e-01
3.717092221143932229e-01
3.716694515527626530e-01
3.716298630189087682e-01
3.715902759553805779e-01
3.715505786849012670e-01
3.715109596199235309e-01
3.714712161063001283e-01
3.714316511551910560e-01
3.713920063084549250e-01
3.713523960143589320e-01
3.713126500171262112e-01
3.712730338155483811e-01
3.712334488985900571e-01
3.711938346530858635e-01
3.711542703134054766e-01
3.711146546379667233e-01
3.710750260039901161e-01
3.710354296622907500e-01
3.709958154033138888e-01
3.709561088577881804e-01
3.709164601644068804e-01
3.708768712063367223e-01
3.708372605217060136e-01
3.707976237689036836e-01
3.707579948237269551e-01
3.707183526671082863e-01
3.706785431219424276e-01
3.706389530913670738e-01
3.705993882367408787e-01
3.705599011827221956e-01
3.705202852353630671e-01
3.704807671483622000e-01
3.704411090225460113e-01
3.704014663658669604e-01
3.703617690646329175e-01
3.703221857233352510e-01
3.702825993818942285e-01
3.702429588021169948e-01
3.702032717833709796e-01
3.701636392042658152e-01
3.701239870398957965e-01
3.700843661976591092e-01
3.700446588041596541e-01
3.700051214917984277e-01
3.699656007680461878e-01
3.699259303901727969e-01
3.698863188249110201e-01
3.698467322114802336e-01
3.698070967434690104e-01
3.697675638077549398e-01
3.697279019594342242e-01
3.696883542425242197e-01
3.696487744345797188e-01
3.696092477276932131e-01
3.695697147770586888e-01
3.695301460788594783e-01
3.694904987257079942e-01
3.694509482205429185e-01
3.694113264406063690e-01
3.693717392473258032e-01
3.693322416380436235e-01
3.692926775334604561e-01
3.692531477867687650e-01
3.692137444178920092e-01
3.691742706740339108e-01
3.691346319352775684e-01
3.690950902065016637e-01
3.690556241844308860e-01
3.690161437972711567e-01
3.689767161211116031e-01
3.689370969675307976e-01
3.688974820761461992e-01
3.688579746731999731e-01
3.688183909751477363e-01
3.687788412996566567e-01
3.687392781623082816e-01
3.686998050692236739e-01
3.686602126027310744e-01
3.686207395131580467e-01
3.685813317762695052e-01
3.685417895621870277e-01
3.685022147562185268e-01
3.684626406248884267e-01
3.684230436927992125e-01
3.683836271335368950e-01
3.683440980988342273e-01
3.683045708966333764e-01
3.682650986154987205e-01
3.682256810666426072e-01
3.681862582087990221e-01
3.681467097676849876e-01
3.681071279184498501e-01
3.680676912450770999e-01
3.680281263709445083e-01
3.679885962872649907e-01
3.679490148845265263e-01
3.679095041782944886e-01
3.678700362693643755e-01
3.678303914362667237e-01
3.677907713535336631e-01
3.677511935732576398e-01
3.677115621996549510e-01
3.676719649478765173e-01
3.676324593142066832e-01
3.675929324588960712e-01
3.675534064205175921e-01
3.675138157735591826e-01
3.674743450622022789e-01
3.674347649756793954e-01
3.673951905265333551e-01
3.673556767557176195e-01
3.673161575367537846e-01
3.672767315069954686e-01
3.672372925768773722e-01
3.671978690537167078e-01
3.671584352157916675e-01
3.671190098455051620e-01
3.670795831330326831e-01
3.670400983084687319e-01
3.670005987903166567e-01
3.669611736911201905e-01
3.669217251383143363e-01
3.668822757594109030e-01
3.668426340352099468e-01
3.668032509101178396e-01
3.667637327824308513e-01
3.667243757111790514e-01
3.666849436002688756e-01
3.666455114813383376e-01
3.666061048383260634e-01
3.665666646860137878e-01
3.665271913695110073e-01
3.664876117665786248e-01
3.664481266528962222e-01
3.664085433572661921e-01
3.663691658157309239e-01
3.663296893904410267e-01
3.662902311677239120e-01
3.662508056921037758e-01
3.662113637371746666e-01
3.661719122051040887e-01
3.661324563161506007e-01
3.660930003647024922e-01
3.660535068883103427e-01
3.660139685727480940e-01
3.659744803254556533e-01
3.659349660640260904e-01
3.658954942420393208e-01
3.658560094408561669e-01
3.658165812230109171e-01
3.657769901182808536e-01
3.657374587111776876e-01
3.656979368716057888e-01
3.656584878902615632e-01
3.656190963883864109e-01
3.655796188013730186e-01
3.655401499985570513e-01
3.655007014199642690e-01
3.654612316426656959e-01
3.654216833977039225e-01
3.653822741603404145e-01
3.653428056079350283e-01
3.653032960055809797e-01
3.652637840020342419e-01
3.652242868915581697e-01
3.651848454718947257e-01
3.651454036641512690e-01
3.651059968627015095e-01
3.650665821700166402e-01
3.650271751226510930e-01
3.649877426202407515e-01
3.649481650912279052e-01
3.649085642268290464e-01
3.648691118388427967e-01
3.648296198338622509e-01
3.647901563772476541e-01
3.647507653879376033e-01
3.647112230363292462e-01
3.646718589113199238e-01
3.646324071926807520e-01
3.645929206840132775e-01
3.645536229712839082e-01
3.645142234053311281e-01
3.644747030054582559e-01
3.644353387919858633e-01
3.643958531022570835e-01
3.643563796567902968e-01
3.643169877848435045e-01
3.642775803586753014e-01
3.642379631712724941e-01
3.641986083845794031e-01
3.641593522664847149e-01
3.641199577203328985e-01
3.640804329419798369e-01
3.640409812249564836e-01
3.640016595444091063e-01
3.639621988744539127e-01
3.639228185290595552e-01
3.638833695378894673e-01
3.638439798680567216e-01
3.638045526056164491e-01
3.637652451588083702e-01
3.637258072983377555e-01
3.636864991288357163e-01
3.636470745960810880e-01
3.636076224150695535e-01
3.635682531915956917e-01
3.635289712440518128e-01
3.634895212769930217e-01
3.634499797799966569e-01
3.634104992520397204e-01
3.633709472801578966e-01
3.633314629273478036e-01
3.632920917870123279e-01
3.632526617534859170e-01
3.632132489754678617e-01
3.631738293898667536e-01
3.631345088462921700e-01
3.630951552993306186e-01
3.630556829166415866e-01
3.630162174508660411e-01
3.629769879269953980e-01
3.629374071768675658e-01
3.628978335173945746e-01
3.628584182553749593e-01
3.628188766093784490e-01
3.627794058579348890e-01
3.627399715835031291e-01
3.627006941333422718e-01
3.626613361746842124e-01
3.626220698592796943e-01
3.625826686817183453e-01
3.625432821469191658e-01
3.625038871539310037e-01
3.624643706197634430e-01
3.624250387593334621e-01
3.623856877530965415e-01
3.623462020478561696e-01
3.623068534312238187e-01
3.622674608840089072e-01
3.622280467714049101e-01
3.621886376425499932e-01
3.621492597794077617e-01
3.621098404426087991e-01
3.620704745593891771e-01
3.620310873962825915e-01
3.619917418442211710e-01
3.619525606188301325e-01
3.619132796256783746e-01
3.618739828773436806e-01
3.618345854920570481e-01
3.617951909131169597e-01
3.617560021693289607e-01
3.617166812068193793e-01
3.616773317349530892e-01
3.616379495344794748e-01
3.615986077502207352e-01
3.615593044911560305e-01
3.615199602663897172e-01
3.614805879298826907e-01
3.614411449857726222e-01
3.614017799439951939e-01
3.613624840026145590e-01
3.613230784992411682e-01
3.612837723400714740e-01
3.612444456949792104e-01
3.612050874227014097e-01
3.611657988056866664e-01
3.611264850471133658e-01
3.610872159288157079e-01
3.610478046035298094e-01
3.610083844762709826e-01
3.609690117833239120e-01
3.609296675342061889e-01
3.608903908480918798e-01
3.608509988099214416e-01
3.608117407158940582e-01
3.607724346171228835e-01
3.607330535933431781e-01
3.606936959597145109e-01
3.606542502490761026e-01
3.606148670299068049e-01
3.605755507149017158e-01
3.605362696540519996e-01
3.604969517102787901e-01
3.604576108647485344e-01
3.604183558775200802e-01
3.603791107256811843e-01
3.603396992723239545e-01
3.603004610585551770e-01
3.602610691825738898e-01
3.602216965777528257e-01
3.601823600471037445e-01
3.601430126761266948e-01
3.601037082314129667e-01
3.600644070572757149e-01
3.600250646240131247e-01
3.599857409553287035e-01
3.599463654407564772e-01
3.599069411447324840e-01
3.598676312736691085e-01
3.598283298206096936e-01
3.597890151718581842e-01
3.597497258844115642e-01
3.597104326800604768e-01
3.596711471046435959e-01
3.596319131785570833e-01
3.595925573504710759e-01
3.595533507908835746e-01
3.595141571422434401e-01
3.594747485234645601e-01
3.594355239610736996e-01
3.593961737850451810e-01
3.593569183535654243e-01
3.593176325245763802e-01
3.592785083789711842e-01
3.592391844551430791e-01
3.591999435622773018e-01
3.591606822584000880e-01
3.591213602430196605e-01
3.590820611701966980e-01
3.590427710726019073e-01
3.590034813776852296e-01
3.589642601218825946e-01
3.589249376904067312e-01
3.588856749305510685e-01
3.588464473611694960e-01
3.588072003247516073e-01
3.587679123782064883e-01
3.587285725867430664e-01
3.586892928408609293e-01
3.586500284042382636e-01
3.586108540730996164e-01
3.585715468932517136e-01
3.585322714291472868e-01
3.584929988274056512e-01
3.584537867341492934e-01
3.584145393926075340e-01
3.583752643108078506e-01
3.583358019356969737e-01
3.582964181184036812e-01
3.582572231560994247e-01
3.582179095277457370e-01
3.581787668762940191e-01
3.581394153107370082e-01
3.581002318637759863e-01
3.580610259437851939e-01
3.580217538441819447e-01
3.579826232332108948e-01
3.579433966877154094e-01
3.579041516357484576e-01
3.578647615272643745e-01
3.578255067973996062e-01
3.577862841182132270e-01
3.577470733952614057e-01
3.577077522282200439e-01
3.576684314006154941e-01
3.576292904665496764e-01
3.575900474731628087e-01
3.575508087280779290e-01
3.575115270140207246e-01
3.574722789911811138e-01
3.574329840229854560e-01
3.573937159903955441e-01
3.573544835027124278e-01
3.573153070840470735e-01
3.572761075371940764e-01
3.572368799066520939e-01
3.571976149638904641e-01
3.571582216369189600e-01
3.571190748801856829e-01
3.570797896874366995e-01
3.570405258396446291e-01
3.570013929554872179e-01
3.569620402851795826e-01
3.569227768935452905e-01
3.568836495430082190e-01
3.568443856169660755e-01
3.568052282910130213e-01
3.567660249869794020e-01
3.567268006467858021e-01
3.566876719953606667e-01
3.566485437967129024e-01
3.566092756527260432e-01
3.565700283659531400e-01
3.565307299133088637e-01
3.564914811565474961e-01
3.564522912348627171e-01
3.564130125614872191e-01
3.563737484630082886e-01
3.563346450889399164e-01
3.562953634791171664e-01
3.562561573838349260e-01
3.562169988807967203e-01
3.561777706787855879e-01
3.561385686981790588e-01
3.560993946333020355e-01
3.560601494686762569e-01
3.560208726726314943e-01
3.559817419044620235e-01
3.559425830736723806e-01
3.559032555883197557e-01
3.558640515300764418e-01
3.558248187961048914e-01
3.557856045508237530e-01
3.557464986759717451e-01
3.557072804680790901e-01
3.556681449295011066e-01
3.556289484163053238e-01
3.555897895974871603e-01
3.555506416581454276e-01
3.555114823981715411e-01
3.554721935297462387e-01
3.554329733027070115e-01
3.553939043849310142e-01
3.553547380784091159e-01
3.553155591801450686e-01
3.552763861915669286e-01
3.552371941511741071e-01
3.551978970823257420e-01
3.551589857456289856e-01
3.551198854971817642e-01
3.550807214997993011e-01
3.550414644539052200e-01
3.550022295204862122e-01
3.549631081410682398e-01
3.549239247440771905e-01
3.548848023115180328e-01
3.548457833257889771e-01
3.548066188112555808e-01
3.547674268555470745e-01
3.547284114993111692e-01
3.546892779206671786e-01
3.546501761057326285e-01
3.546110132517983904e-01
3.545719563721659306e-01
3.545327969310630989e-01
3.544936539282286247e-01
3.544544181494062585e-01
3.544153172510138838e-01
3.543761589894225406e-01
3.543369668938244343e-01
3.542979863461173662e-01
3.542588420215598832e-01
3.542196936746320746e-01
3.541806452810880579e-01
3.541414297066043937e-01
3.541022847082337388e-01
3.540631230352341841e-01
3.540239716057382857e-01
3.539849366936435593e-01
3.539458251993400917e-01
3.539067166394382347e-01
3.538676071000690926e-01
3.538284854158271209e-01
3.537893555333471163e-01
3.537501623450015620e-01
3.537108659844731551e-01
3.536717582111736924e-01
3.536326209129649345e-01
3.535933698504527545e-01
3.535540957241001814e-01
3.535150525596826299e-01
3.534760146540834036e-01
3.534369428590827811e-01
3.533978975541956502e-01
3.533587819137973263e-01
3.533196416265121376e-01
3.532804910170054824e-01
3.532413300559114622e-01
3.532020988880377743e-01
3.531629461387127411e-01
3.531238440928186617e-01
3.530847889322727418e-01
3.530454814047617185e-01
3.530064464307103300e-01
3.529672291862727129e-01
3.529281282993339541e-01
3.528891585664468700e-01
3.528500426183997507e-01
3.528109579788883954e-01
3.527718529464027863e-01
3.527327251410536935e-01
3.526936296083142408e-01
3.526545159441122346e-01
3.526153985753598397e-01
3.525763519245250222e-01
3.525371546211757412e-01
3.524980530570884785e-01
3.524589120776098761e-01
3.524198000400307618e-01
3.523805670209596563e-01
3.523412852096143300e-01
3.523021292778809599e-01
3.522630342601844045e-01
3.522238279075807221e-01
3.521846870111209893e-01
3.521455952242855680e-01
3.521065371866082816e-01
3.520675393148714472e-01
3.520283929593035488e-01
3.519894294706416016e-01
3.519503616426643555e-01
3.519112441997895857e-01
3.518721636363160710e-01
3.518331706758215383e-01
3.517940577623476783e-01
3.517550241692692370e-01
3.517159587088405370e-01
3.516767893354812435e-01
3.516377192556007780e-01
3.515986028159823751e-01
3.515595603330948782e-01
3.515204268205391336e-01
3.514812589055866798e-01
3.514422238426278544e-01
3.514031442421028384e-01
3.513640996193008736e-01
3.513249491678869241e-01
3.512858922258618177e-01
3.512469248287544143e-01
3.512078442744233087e-01
3.511688212156492961e-01
3.511297078059822385e-01
3.510905362504858629e-01
3.510514555352355903e-01
3.510123983854953611e-01
3.509733645950192660e-01
3.509342822501637094e-01
3.508952493166483944e-01
3.508561619445957902e-01
3.508171084430034559e-01
3.507781040105176218e-01
3.507390660901893442e-01
3.507000274321366851e-01
3.506609314138973699e-01
3.506219281278078470e-01
3.505829351438047303e-01
3.505437787937346061e-01
3.505047572063424433e-01
3.504656506706074759e-01
3.504266090247072918e-01
3.503876768532078745e-01
3.503484262327126730e-01
3.503094173040429693e-01
3.502703315049731647e-01
3.502312963569719217e-01
3.501922342144211941e-01
3.501532475544168466e-01
3.501143269028767491e-01
3.500751916868644620e-01
3.500360058938335461e-01
3.499970227152407465e-01
3.499579522201836657e-01
3.499189107927383469e-01
3.498797776443351992e-01
3.498407275354067369e-01
3.498016304625765072e-01
3.497625870662191550e-01
3.497235605074666132e-01
3.496846312363519615e-01
3.496455878848890308e-01
3.496066333548192850e-01
3.495675790660574545e-01
3.495285692489106810e-01
3.494895804504755121e-01
3.494505107321955184e-01
3.494114429713648384e-01
3.493724915190125624e-01
3.493335007108865353e-01
3.492944672327258915e-01
3.492554644783681383e-01
3.492163817386105817e-01
3.491773750905456941e-01
3.491383481463637972e-01
3.490993087279408158e-01
3.490602789416463181e-01
3.490213521662818841e-01
3.489823620078990052e-01
3.489434136232021921e-01
3.489044184763421819e-01
3.488654218622735392e-01
3.488263419776538865e-01
3.487872607459153174e-01
3.487482284513213626e-01
3.487091709708430298e-01
3.486701641223300396e-01
3.486311711736342911e-01
3.485921096683810005e-01
3.485531013002317602e-01
3.485140561619420319e-01
3.484749744524142101e-01
3.484358956571089738e-01
3.483968922911181432e-01
3.483578763517360399e-01
3.483189204881129708e-01
3.482799272766960441e-01
3.482409719510340396e-01
3.482019946543687405e-01
3.481630811090859479e-01
3.481241840754967232e-01
3.480852875835422910e-01
3.480462548950833956e-01
3.480072222303242091e-01
3.479682254252906004e-01
3.479291849803880510e-01
3.478901469886999109e-01
3.478512050962922486e-01
3.478122219978610485e-01
3.477733252123892949e-01
3.477344726848082268e-01
3.476954613619400725e-01
3.476565097899016465e-01
3.476174233132034996e-01
3.475784674199896007e-01
3.475394700659235614e-01
3.475004949679880717e-01
3.474615877123424235e-01
3.474226289545473412e-01
3.473837432438245387e-01
3.473447463753502329e-01
3.473058088627827278e-01
3.472668844041341130e-01
3.472279202787481034e-01
3.471890085048121577e-01
3.471500605366799608e-01
3.471110233125985767e-01
3.470721121759515748e-01
3.470331390196717547e-01
3.469941889881069663e-01
3.469552787019125617e-01
3.469162546878508113e-01
3.468773752068456395e-01
3.468384819118308648e-01
3.467994688509294376e-01
3.467604565474298184e-01
3.467216927333860443e-01
3.466827646045584910e-01
3.466437681771483703e-01
3.466048163356951206e-01
3.465658147063009342e-01
3.465268579992336617e-01
3.464879027157875546e-01
3.464490351064197227e-01
3.464101833097823491e-01
3.463713274664153574e-01
3.463323706289128112e-01
3.462934622715709287e-01
3.462545208440431233e-01
3.462155779939672939e-01
3.461765094050753833e-01
3.461375874873245384e-01
3.460986011835773257e-01
3.460597264513161631e-01
3.460207574972130606e-01
3.459818151954401899e-01
3.459427878043210280e-01
3.459038519110674836e-01
3.458649013438810371e-01
3.458259196260771717e-01
3.457870603507349760e-01
3.457479600690980259e-01
3.457090357641214307e-01
3.456700407787224871e-01
3.456311701761040078e-01
3.455923159046599413e-01
3.455533795580382206e-01
3.455144209030370783e-01
3.454754824034438898e-01
3.454365653859367002e-01
3.453976882582960872e-01
3.453588518753713532e-01
3.453199521240034597e-01
3.452809973845848424e-01
3.452420842205977114e-01
3.452032438364657785e-01
3.451643307679062578e-01
3.451254514866612944e-01
3.450866251198399515e-01
3.450477533090920979e-01
3.450088223776664464e-01
3.449699420950607109e-01
3.449311375161774884e-01
3.448921437373377863e-01
3.448531461676138110e-01
3.448142154976753249e-01
3.447753108696099411e-01
3.447364672278934172e-01
3.446974389587620369e-01
3.446585778148525403e-01
3.446197335683478524e-01
3.445809116570798802e-01
3.445421026695853484e-01
3.445031819440584897e-01
3.444642242686664635e-01
3.444254438424663722e-01
3.443865085066926679e-01
3.443476178020387080e-01
3.443087328151481774e-01
3.442697981481606107e-01
3.442309424123931594e-01
3.441919522409599974e-01
3.441529392244708774e-01
3.441140946909502230e-01
3.440752396157142345e-01
3.440364023001106220e-01
3.439976667579864866e-01
3.439587947633009901e-01
3.439198862312846661e-01
3.438809893705581655e-01
3.438421256956173955e-01
3.438032611198045263e-01
3.437644409481830921e-01
3.437255972936529291e-01
3.436866513013441815e-01
3.436478151117712265e-01
3.436089873130042105e-01
3.435701764546023607e-01
3.435312678131614006e-01
3.434923760521864655e-01
3.434537052866425966e-01
3.434148334993148421e-01
3.433759683792090289e-01
3.433370777190025702e-01
3.432982216608785331e-01
3.432592991436018148e-01
3.432204313726481826e-01
3.431815480166041654e-01
3.431426853343143013e-01
3.431037876730566594e-01
3.430650752150716798e-01
3.430262472579524990e-01
3.429873493981341892e-01
3.429483924181020438e-01
3.429094557833798351e-01
3.428707003910689832e-01
3.428318556628354719e-01
3.427930175457885031e-01
3.427541954542301927e-01
3.427153624831172363e-01
3.426765162288006872e-01
3.426375779743327521e-01
3.425986971031254047e-01
3.425599133812410879e-01
3.425209753273173452e-01
3.424821413266749270e-01
3.424432980772567636e-01
3.424045317220586471e-01
3.423657002169527286e-01
3.423268961228058682e-01
3.422880739255512728e-01
3.422493527791083956e-01
3.422104656529574851e-01
3.421715854356841557e-01
3.421327864202817204e-01
3.420939407272375332e-01
3.420551338613495584e-01
3.420163122634599095e-01
3.419775014670259905e-01
3.419387481287529673e-01
3.418999083841580688e-01
3.418610030121936871e-01
3.418222914799018408e-01
3.417834405218270200e-01
3.417446408866830487e-01
3.417056780917990255e-01
3.416669306847653909e-01
3.416280755651974199e-01
3.415893027424812267e-01
3.415504834343015550e-01
3.415116685388802087e-01
3.414729690854242383e-01
3.414341744860776573e-01
3.413953868323450491e-01
3.413565583864053843e-01
3.413177371290505024e-01
3.412789096962036695e-01
3.412401585095064527e-01
3.412014976465210792e-01
3.411627701471237617e-01
3.411238477297192095e-01
3.410850457824293747e-01
3.410461787204545625e-01
3.410074710840336754e-01
3.409687403080738921e-01
3.409299102199548903e-01
3.408910939635154680e-01
3.408522170868020784e-01
3.408134079784051473e-01
3.407746296697977129e-01
3.407357822955413562e-01
3.406969262875145787e-01
3.406579669597255000e-01
3.406190607855318908e-01
3.405802799274791348e-01
3.405414538574101369e-01
3.405026471381630837e-01
3.404639292487389723e-01
3.404250488322488888e-01
3.403863847460721348e-01
3.403476812119474726e-01
3.403089419511865499e-01
3.402701871054828464e-01
3.402314792558940315e-01
3.401927834932331751e-01
3.401538503806431080e-01
3.401151587973886836e-01
3.400763741308115984e-01
3.400375981848189344e-01
3.399988897861430104e-01
3.399600280010152131e-01
3.399212154183210988e-01
3.398824216745268689e-01
3.398437883575164964e-01
3.398051493051750804e-01
3.397663671100648042e-01
3.397276205589093712e-01
3.396889554807636658e-01
3.396501024808814551e-01
3.396113906580961461e-01
3.395725423158448275e-01
3.395337654471260458e-01
3.394950598221015969e-01
3.394563974974552090e-01
3.394177552210999038e-01
3.393790686012530533e-01
3.393404427720635996e-01
3.393016874608622557e-01
3.392629066827132500e-01
3.392241402364710723e-01
3.391853893765653938e-01
3.391466895906162793e-01
3.391079377693475561e-01
3.390691053054613047e-01
3.390304166355063153e-01
3.389916518074458929e-01
3.389529197552417217e-01
3.389141792738734615e-01
3.388753434175968970e-01
3.388365862960319719e-01
3.387979813265180051e-01
3.387593573027292138e-01
3.387206285427785124e-01
3.386818696173522492e-01
3.386431378900730538e-01
3.386044043182129815e-01
3.385657595702766254e-01
3.385270102414318916e-01
3.384884051219041456e-01
3.384496734293326314e-01
3.384108668341511694e-01
3.383721348782234295e-01
3.383333731237252451e-01
3.382946297559139004e-01
3.382558754945791391e-01
3.382170559868230009e-01
3.381782579222846197e-01
3.381394873633871145e-01
3.381007439232590617e-01
3.380620377731500814e-01
3.380233907439411101e-01
3.379844436008070940e-01
3.379457359855954635e-01
3.379070083672442992e-01
3.378683687377626033e-01
3.378296357793019178e-01
3.377909627446870067e-01
3.377521888856232501e-01
3.377135524432278713e-01
3.376749993058852373e-01
3.376362183946940987e-01
3.375975218369696162e-01
3.375588354782794176e-01
3.375200590489728092e-01
3.374812732875402954e-01
3.374426261696575891e-01
3.374039670964572579e-01
3.373652370294454861e-01
3.373265812879732151e-01
3.372879428737907137e-01
3.372491952506491697e-01
3.372105239133706966e-01
3.371719272946078205e-01
3.371333240479467697e-01
3.370947249688335257e-01
3.370561459027663354e-01
3.370174067465652179e-01
3.369787832422764251e-01
3.369401094792331408e-01
3.369014112255634408e-01
3.368625843940227238e-01
3.368238813738059778e-01
3.367850845548986949e-01
3.367463222011614077e-01
3.367075955533758158e-01
3.366689074463866116e-01
3.366302747291922692e-01
3.365915799660040841e-01
3.365528978309481056e-01
3.365143963217346323e-01
3.364758042549114148e-01
3.364371239444874928e-01
3.363985236587102579e-01
3.363598043572929019e-01
3.363211313981205319e-01
3.362823880322016179e-01
3.362437292068373718e-01
3.362050974954902127e-01
3.361663859475388372e-01
3.361275601895517551e-01
3.360889710385147611e-01
3.360503359950333668e-01
3.360117385892089636e-01
3.359731445131948768e-01
3.359343374031296681e-01
3.358957329648814549e-01
3.358570594103662543e-01
3.358183954160765539e-01
3.357797609873238165e-01
3.357410829932895302e-01
3.357025497368684719e-01
3.356638903050818690e-01
3.356250989439484300e-01
3.355864580437943889e-01
3.355479135255646228e-01
3.355093668778481586e-01
3.354709055311021482e-01
3.354322777692097524e-01
3.353935426888709492e-01
3.353548116979157001e-01
3.353161386142519129e-01
3.352774551861791297e-01
3.352388188502908317e-01
3.352003258589624224e-01
3.351617016634721447e-01
3.351231308445015711e-01
3.350844400992669669e-01
3.350457869713773240e-01
3.350072591020637480e-01
3.349686507760866738e-01
3.349300862085735631e-01
3.348913444711965059e-01
3.348527203933129859e-01
3.348141238025442723e-01
3.347755473849277630e-01
3.347369082515475047e-01
3.346983027816199385e-01
3.346597601103761810e-01
3.346210730191163107e-01
3.345824355757422985e-01
3.345438351782426545e-01
3.345052525531846399e-01
3.344665371287995348e-01
3.344279505482875559e-01
3.343893824995332609e-01
3.343507133326634739e-01
3.343122029783948679e-01
3.342735749506588472e-01
3.342349750061482938e-01
3.341963944370110462e-01
3.341576226596825738e-01
3.341189554901727310e-01
3.340802475042122244e-01
3.340416315520422508e-01
3.340031178344626261e-01
3.339645269283949003e-01
3.339260301370554629e-01
3.338874537740175730e-01
3.338488794956968042e-01
3.338102708408715036e-01
3.337716455336391941e-01
3.337331934842591719e-01
3.336947766309225072e-01
3.336561796023550519e-01
3.336176317639770739e-01
3.335791119420827289e-01
3.335405179994915259e-01
3.335018874179470072e-01
3.334631543709632995e-01
3.334244792810527880e-01
3.333857741529423491e-01
3.333471661988792745e-01
3.333085738775354301e-01
3.332700371085494107e-01
3.332314403188937346e-01
3.331928432865698952e-01
3.331542758156847972e-01
3.331156909460610827e-01
3.330770810264271908e-01
3.330385085589153138e-01
3.329998912834777891e-01
3.329612525632646425e-01
3.329227285021844618e-01
3.328841055490601164e-01
3.328454924033067974e-01
3.328068713112324883e-01
3.327683151023231867e-01
3.327297404358772748e-01
3.326911321222074114e-01
3.326525503357686264e-01
3.326140061551175475e-01
3.325753989879310923e-01
3.325368258480239647e-01
3.324983952824355216e-01
3.324598934646144643e-01
3.324213746779481338e-01
3.323828509827357891e-01
3.323442747995495883e-01
3.323057034440756174e-01
3.322670903787378061e-01
3.322285896958554474e-01
3.321900657184218564e-01
3.321515548272709895e-01
3.321129171382624090e-01
3.320743799476804092e-01
3.320357924862629151e-01
3.319971910509565971e-01
3.319587103731843070e-01
3.319201398675489245e-01
3.318814424599985657e-01
3.318429499708688279e-01
3.318044834619491290e-01
3.317659710858442135e-01
3.317273662124506917e-01
3.316888445402987884e-01
3.316502529244349518e-01
3.316117079298578352e-01
3.315732201517025968e-01
3.315346808129135958e-01
3.314961918766560767e-01
3.314576217726206142e-01
3.314191228678025625e-01
3.313805523819072230e-01
3.313419781193361890e-01
3.313034562769897051e-01
3.312649244485517674e-01
3.312265647878264163e-01
3.311879683179878020e-01
3.311493185293597485e-01
3.311108478392241761e-01
3.310723619892658731e-01
3.310338184378628923e-01
3.309951180920646108e-01
3.309567428639469400e-01
3.309183486939680785e-01
3.308799547400005370e-01
3.308414370508251934e-01
3.308028237578560238e-01
3.307642038553122443e-01
3.307257788697401946e-01
3.306873105577654570e-01
