3.835790316914344800e+00
7.661858258814342904e+00
1.149410032006545634e+01
1.530170879190384170e+01
1.912464088260448847e+01
2.293310019644288644e+01
2.671485241827349455e+01
3.051723790545642601e+01
3.432901419772638008e+01
3.815519360726595011e+01
4.193983522182965373e+01
4.570820267171144025e+01
4.951910202613383660e+01
5.332213131438435738e+01
5.713307575708521568e+01
6.098335174702133088e+01
6.477689493172006507e+01
6.857936026255936213e+01
7.236278164493252518e+01
7.617060874029114359e+01
8.000480814070952817e+01
8.377525109413258519e+01
8.755746319427419166e+01
9.135154799559755645e+01
9.517329883769913579e+01
9.898034023999491637e+01
1.027928152141968638e+02
1.065926168039053152e+02
1.103870488163026522e+02
1.141412632338566198e+02
1.179582080833491489e+02
1.217564026374245998e+02
1.256066684506064206e+02
1.293904279556221582e+02
1.331767493071233162e+02
1.369773308536860270e+02
1.407734338655225486e+02
1.445698813567675245e+02
1.483935517227095886e+02
1.522085248907881692e+02
1.559788498768042189e+02
1.597797165727195647e+02
1.635745003474665964e+02
1.673574869849352353e+02
1.711562388427424537e+02
1.750009652855234208e+02
1.788185861302586943e+02
1.826164637471223102e+02
1.864030642928936743e+02
1.901935787409839804e+02
1.939970386229481676e+02
1.977894334917857577e+02
2.015366216430623183e+02
2.053231194978800431e+02
2.091189186626695573e+02
2.129155480846061153e+02
2.167039915378119588e+02
2.204891217195703064e+02
2.242778897220821932e+02
2.280339961706358451e+02
2.318136233805214772e+02
2.355617451368709965e+02
2.393448709791903752e+02
2.431471402274868865e+02
2.469303984061083383e+02
2.506982977464058706e+02
2.545151073364303898e+02
2.583367583444862703e+02
2.621392816696143200e+02
2.659299556399682274e+02
2.697568653630243034e+02
2.735403476205389097e+02
2.773208409422858267e+02
2.811108875393834978e+02
2.849389398231961650e+02
2.887641966083303373e+02
2.925513665489394839e+02
2.963290327309901500e+02
3.001127547407861584e+02
3.038652900124125154e+02
3.076464413763191033e+02
3.114143214936739810e+02
3.152473515541215647e+02
3.190228765875802992e+02
3.228242128188844049e+02
3.266245008776917871e+02
3.304096325972618615e+02
3.341817003854211521e+02
3.379658625003222028e+02
3.417452381557488366e+02
3.455319189211721778e+02
3.492781310513336734e+02
3.530533131906119024e+02
3.568160534330343125e+02
3.605898169334839736e+02
3.643637359546336825e+02
3.681442675033468959e+02
3.718833770381432373e+02
3.756482860342341610e+02
3.794266732414304784e+02
3.831972466769437347e+02
3.869776763616882818e+02
3.907502606750721270e+02
3.945222813110672178e+02
3.983043778216695046e+02
4.020561281650920478e+02
4.058289465130069971e+02
4.096012503779159601e+02
4.133640196125439843e+02
4.171429377673821932e+02
4.209119892283822537e+02
4.246902681770950494e+02
4.284714168648337136e+02
4.322569139789490009e+02
4.359910194266917074e+02
4.397556480254607436e+02
4.435306299239551322e+02
4.473323393286631813e+02
4.511047120431928192e+02
4.548735218234649551e+02
4.586371481587495396e+02
4.624226627876375915e+02
4.661859456737718688e+02
4.699456275360377049e+02
4.737276520540903562e+02
4.775274982329264049e+02
4.813049610913621450e+02
4.850705666866742263e+02
4.888298349885614016e+02
4.925884661293690669e+02
4.963271064768949259e+02
5.000833509153697491e+02
5.038300261078660469e+02
5.075869711889253040e+02
5.113435966256963070e+02
5.151034636113841998e+02
5.188473104125231430e+02
5.226022300740345372e+02
5.263634902480908977e+02
5.300928015830247659e+02
5.338465447131106885e+02
5.375871616042747974e+02
5.413309684896504450e+02
5.450636900321641178e+02
5.487962522546390574e+02
5.525519185887173990e+02
5.563476502275244684e+02
5.600936084501477126e+02
5.638454147735786819e+02
5.675997513941041461e+02
5.713729006576812708e+02
5.751476319498848397e+02
5.789111117471725265e+02
5.826617364740064886e+02
5.864136666615576132e+02
5.901574988518191276e+02
5.939194661240694586e+02
5.976425409015955665e+02
6.013646709133096238e+02
6.051050595910489847e+02
6.088619026831916017e+02
6.126078178984496390e+02
6.163565551113385936e+02
6.201136240187429394e+02
6.238542280458838150e+02
6.276074563341422845e+02
6.313579463275956414e+02
6.351079708656981211e+02
6.388386734659255808e+02
6.425881153229167921e+02
6.463326542849025600e+02
6.500804753706144083e+02
6.538461846737061478e+02
6.575881108677468774e+02
6.613577599865875527e+02
6.651191801844463498e+02
6.688645697824557601e+02
6.725799430597361379e+02
6.763172283147628150e+02
6.800583130057827930e+02
6.838038418566721930e+02
6.875510736703560042e+02
6.912937594911832093e+02
6.950330145375022539e+02
6.987715984637382007e+02
7.025289014228828819e+02
7.062709707360629636e+02
7.099973062291905990e+02
7.137357499111375319e+02
7.174876940487409911e+02
7.212075007785031175e+02
7.250073793546080196e+02
7.287366750407181826e+02
7.324379059069107143e+02
7.361662775935002401e+02
7.399015139103441925e+02
7.436597876107962293e+02
7.473918015762999403e+02
7.511570359599993481e+02
7.548908604077322479e+02
7.586243145381656632e+02
7.623494438640186672e+02
7.660918371010174042e+02
7.697855827565073241e+02
7.735164803669068760e+02
7.772518486126346033e+02
7.809879728378872414e+02
7.847416582454237641e+02
7.884527939350381303e+02
7.921804776396286343e+02
7.958909486574445964e+02
7.996229969002123426e+02
8.033546884276009905e+02
8.071059403464525985e+02
8.108278684847385875e+02
8.145968305999491577e+02
8.183321187707318813e+02
8.220458524905152444e+02
8.257751101690347468e+02
8.295220103567260139e+02
8.332540365115772829e+02
8.369836609143654869e+02
8.406848290572552287e+02
8.444113167294553932e+02
8.481338589980623510e+02
8.518719091152001965e+02
8.556247353158128135e+02
8.593470955372340541e+02
8.630699932114372359e+02
8.667985989734896748e+02
8.705216647981285405e+02
8.742510948123917842e+02
8.779761786182425567e+02
8.817100279766066251e+02
8.854330964108568196e+02
8.891735376854454671e+02
8.928596821967108781e+02
8.965699864714274554e+02
9.003013110123762317e+02
9.040248584798863476e+02
9.077339335798534421e+02
9.114440360898216795e+02
9.151942905717828580e+02
9.189036133174844281e+02
9.226217157444051509e+02
9.263507649097371086e+02
9.300694769153740253e+02
9.338097702073292794e+02
9.375100673568854290e+02
9.412152520336981070e+02
9.449062219213891467e+02
9.486345549684410798e+02
9.523311017524645194e+02
9.560291891254065604e+02
9.597449758533258546e+02
9.634706314561883573e+02
9.671892364457995654e+02
9.709011399761436678e+02
9.746127102959776494e+02
9.783234708571920919e+02
9.820356799740314955e+02
9.857646291799557048e+02
9.894641784590405678e+02
9.931790051170974039e+02
9.969198863198164418e+02
1.000636386444005893e+03
1.004347690071959505e+03
1.008069487126191348e+03
1.011767244291108796e+03
1.015492408615456725e+03
1.019192919764308272e+03
1.022887168013705264e+03
1.026595784418683024e+03
1.030313425175982729e+03
1.034013898999382945e+03
1.037715895210846611e+03
1.041408712925175223e+03
1.045136205331144993e+03
1.048868381043432464e+03
1.052602540273190471e+03
1.056291031609192260e+03
1.059999498565530303e+03
1.063708781380450773e+03
1.067382859471844085e+03
1.071088129181889599e+03
1.074794870310123997e+03
1.078531861173353036e+03
1.082254642650633514e+03
1.085928318762411891e+03
1.089632030798864434e+03
1.093345804512918448e+03
1.097040886469923180e+03
1.100731592520686263e+03
1.104428037120796262e+03
1.108146645906302865e+03
1.111839594558913177e+03
1.115527625799081306e+03
1.119215803008496550e+03
1.122918076879496539e+03
1.126592630500847008e+03
1.130304716407600154e+03
1.134013561317507310e+03
1.137755217809376973e+03
1.141491002952753888e+03
1.145186216431921139e+03
1.148874890841906790e+03
1.152571309309758817e+03
1.156285766223104019e+03
1.159993171385935284e+03
1.163717234823824583e+03
1.167422581525539499e+03
1.171077006647444932e+03
1.174778137434667769e+03
1.178482622367548629e+03
1.182178725930549717e+03
1.185885561342163555e+03
1.189594386453580455e+03
1.193285850053365948e+03
1.196976648463788933e+03
1.200661980490562428e+03
1.204386439863773376e+03
1.208087000661916591e+03
1.211744697305521413e+03
1.215435224571649087e+03
1.219117380639122530e+03
1.222766022551490096e+03
1.226459622303727883e+03
1.230138907356154959e+03
1.233839214879297288e+03
1.237548128883059235e+03
1.241229316755028549e+03
1.244905138990096475e+03
1.248597871888464169e+03
1.252283070461481657e+03
1.255965359770244277e+03
1.259647442652704513e+03
1.263299649816688770e+03
1.266958669063380739e+03
1.270677575435809558e+03
1.274356269924378012e+03
1.278053945213030147e+03
1.281743355946902284e+03
1.285419559879757799e+03
1.289097627133484593e+03
1.292776036833848821e+03
1.296485287112506057e+03
1.300160134440412094e+03
1.303850359988259015e+03
1.307534950034169015e+03
1.311232086960298375e+03
1.314896987976862420e+03
1.318591369981007574e+03
1.322263201379491875e+03
1.325957634092739227e+03
1.329640271896723789e+03
1.333340104913818323e+03
1.337001679914731540e+03
1.340668793782952889e+03
1.344355865818773736e+03
1.348036519624191897e+03
1.351711847105339530e+03
1.355395646862786180e+03
1.359051807413323104e+03
1.362738490531901107e+03
1.366401602956110082e+03
1.370073755626209277e+03
1.373746474866891731e+03
1.377410407829531323e+03
1.381084443799099290e+03
1.384749040055929981e+03
1.388418920356064518e+03
1.392097657140403271e+03
1.395777244293690956e+03
1.399444824141200343e+03
1.403121747727229831e+03
1.406802594715786199e+03
1.410484555393670689e+03
1.414154097033014750e+03
1.417847103494729481e+03
1.421513078334421607e+03
1.425136126619079732e+03
1.428801902846716075e+03
1.432421416933506407e+03
1.436090637141818661e+03
1.439763332417975334e+03
1.443463953275685753e+03
1.447119415503417486e+03
1.450795179073079453e+03
1.454456573596637554e+03
1.458116944672075306e+03
1.461762542956145580e+03
1.465421302333967560e+03
1.469094361144460891e+03
1.472766508649684738e+03
1.476431494236227309e+03
1.480085848561902139e+03
1.483736563715698821e+03
1.487391398765478016e+03
1.491077071894924075e+03
1.494755023130817790e+03
1.498424148511406429e+03
1.502086075457713832e+03
1.505747808528535188e+03
1.509405870598604224e+03
1.513069005885625984e+03
1.516721005110319538e+03
1.520384194812763781e+03
1.524066810269894859e+03
1.527691053322907692e+03
1.531345544950214844e+03
1.535002727896101760e+03
1.538654248758345148e+03
1.542307606297332086e+03
1.545974302167201131e+03
1.549642473417743759e+03
1.553314557779642428e+03
1.556962061888457583e+03
1.560630798337177566e+03
1.564290862478037752e+03
1.567926622724750359e+03
1.571580696583635017e+03
1.575258798623983921e+03
1.578906084958111251e+03
1.582569532241272555e+03
1.586232260190382476e+03
1.589926215625737996e+03
1.593543436348471232e+03
1.597211870614265536e+03
1.600849533311551340e+03
1.604483756710950274e+03
1.608140351528301608e+03
1.611786136914412054e+03
1.615443545104322311e+03
1.619104765972133464e+03
1.622737404608230008e+03
1.626386789204441357e+03
1.630036682307027831e+03
1.633710893504641263e+03
1.637374314338813747e+03
1.641001799341064270e+03
1.644650772121631007e+03
1.648254117111644064e+03
1.651889530849307903e+03
1.655524887799672342e+03
1.659192849375027663e+03
1.662808140678910604e+03
1.666427785640720458e+03
1.670104742949388765e+03
1.673720040130730013e+03
1.677361571883066517e+03
1.681006563318306689e+03
1.684647490698103866e+03
1.688296122411493570e+03
1.691938739415124246e+03
1.695571046466395728e+03
1.699216047680909696e+03
1.702854811462202179e+03
1.706506594090287535e+03
1.710123158071894977e+03
1.713782415176785889e+03
1.717433811418354253e+03
1.721069089703158170e+03
1.724704057187035232e+03
1.728328344272935738e+03
1.731974063392722428e+03
1.735602188048001153e+03
1.739232280283671344e+03
1.742861297477814105e+03
1.746495983930813054e+03
1.750113892001640352e+03
1.753762146547911470e+03
1.757383560508651271e+03
1.760968723761443471e+03
1.764615071604783452e+03
1.768254423072099144e+03
1.771901880741763307e+03
1.775527420932944324e+03
1.779158258851137816e+03
1.782782101039021882e+03
1.786401150361836244e+03
1.789997706306199689e+03
1.793659192583932054e+03
1.797301505950088313e+03
1.800918957958302371e+03
1.804547247121985265e+03
1.808189729322032917e+03
1.811817932940628452e+03
1.815453126810489493e+03
1.819101359438521968e+03
1.822720995831293521e+03
1.826312564070551844e+03
1.829941193986203643e+03
1.833574529721264980e+03
1.837199571909018687e+03
1.840812986620025185e+03
1.844440375859292999e+03
1.848057368328910343e+03
1.851681159026956266e+03
1.855298567993822871e+03
1.858933004403387258e+03
1.862554827105838513e+03
1.866189039888968409e+03
1.869811145428513555e+03
1.873438024608472006e+03
1.877052893114291919e+03
1.880680914661664247e+03
1.884318308914671888e+03
1.887963624044422431e+03
1.891611046514148939e+03
1.895285530109167439e+03
1.898917480442271426e+03
1.902534665233130681e+03
1.906150353339751518e+03
1.909767492174318022e+03
1.913385705753541288e+03
1.916973392941658176e+03
1.920623028659779266e+03
1.924262077260190836e+03
1.927857088081874053e+03
1.931480623802225182e+03
1.935096851701087644e+03
1.938726949765616610e+03
1.942352939511794830e+03
1.945968790584816588e+03
1.949578124899432851e+03
1.953198031156210845e+03
1.956794516514377165e+03
1.960410025565928663e+03
1.964025573928245649e+03
1.967649215977304038e+03
1.971258862616597071e+03
1.974879529927308567e+03
1.978488957561131883e+03
1.982079399285772979e+03
1.985711547698726008e+03
1.989313514150380797e+03
1.992923505686182807e+03
1.996519002973370334e+03
2.000154489244276192e+03
2.003777384243620645e+03
2.007389072252875394e+03
2.010998376820472458e+03
2.014610744125700649e+03
2.018204025489892274e+03
2.021824250194393016e+03
2.025428550172383666e+03
2.029035631298727594e+03
2.032616579096962369e+03
2.036219414194405999e+03
2.039822143177067574e+03
2.043430046498011052e+03
2.047041907971133014e+03
2.050627706802078137e+03
2.054238776600483561e+03
2.057826295704343465e+03
2.061429102931274429e+03
2.065032426713514269e+03
2.068604859778627997e+03
2.072212733387432309e+03
2.075859657575240362e+03
2.079463802128822863e+03
2.083021928870829470e+03
2.086611163905897683e+03
2.090189154257211612e+03
2.093794606655941607e+03
2.097395362035521885e+03
2.101005725834518671e+03
2.104586372566768659e+03
2.108185657271372293e+03
2.111795621363346982e+03
2.115382275968704107e+03
2.118991715206475419e+03
2.122560581713603824e+03
2.126155680333697546e+03
2.129747535089692519e+03
2.133348722142625775e+03
2.136958893410439487e+03
2.140532260768491142e+03
2.144135311940033716e+03
2.147719044898492029e+03
2.151345166291832356e+03
2.154913950288334945e+03
2.158507151130008879e+03
2.162109193392574525e+03
2.165682577761912853e+03
2.169263941333275397e+03
2.172848427886670379e+03
2.176432008324995877e+03
2.180039595252672370e+03
2.183629293458731809e+03
2.187210675143058324e+03
2.190794056010569875e+03
2.194380161393607068e+03
2.197995355874122197e+03
2.201607106187263980e+03
2.205190736438848489e+03
2.208770504960673406e+03
2.212355016152182543e+03
2.215947818906764496e+03
2.219531775599341472e+03
2.223112276378764818e+03
2.226692819418351064e+03
2.230277406515006987e+03
2.233855301509171568e+03
2.237440356692045953e+03
2.241017436623772937e+03
2.244612072237049688e+03
2.248200025441727576e+03
2.251761884108382219e+03
2.255344310174304155e+03
2.258892357393379825e+03
2.262456107054410495e+03
2.266047834060152582e+03
2.269626386360009292e+03
2.273212478067155189e+03
2.276782460839639498e+03
2.280376049697302733e+03
2.283961294863687726e+03
2.287530497333271342e+03
2.291108573710073870e+03
2.294707550618141795e+03
2.298277217015384394e+03
2.301872736735598210e+03
2.305471141871177679e+03
2.309044435168533710e+03
2.312623561784405410e+03
2.316203981565371123e+03
2.319782100403493132e+03
2.323347747254685601e+03
2.326941606251798930e+03
2.330512429733300905e+03
2.334068465709833617e+03
2.337655136157275138e+03
2.341217521379278423e+03
2.344847464588532148e+03
2.348421032035262215e+03
2.351992305214684166e+03
2.355556343938662849e+03
2.359130473504032125e+03
2.362717926451731728e+03
2.366290405311895483e+03
2.369850075015625862e+03
2.373417741765964820e+03
2.376992488739797864e+03
2.380585358753291075e+03
2.384154527731692724e+03
2.387717424867675163e+03
2.391307196913954613e+03
2.394873928348293248e+03
2.398465754548391487e+03
2.402031617061393263e+03
2.405600837701680121e+03
2.409136306814875297e+03
2.412705311399531638e+03
2.416274702571728994e+03
2.419829385432010440e+03
2.423391108717980387e+03
2.426955163205857389e+03
2.430523897702953036e+03
2.434072580515659411e+03
2.437661774145062736e+03
2.441194393507005316e+03
2.444750515961012752e+03
2.448312888383967675e+03
2.451878414265497668e+03
2.455438175381839756e+03
2.459001176042942461e+03
2.462566568791095051e+03
2.466099928545165312e+03
2.469661419239689621e+03
2.473189520851399720e+03
2.476765858458043567e+03
2.480309551345845648e+03
2.483871886797081970e+03
2.487449591824396521e+03
2.490995881908476804e+03
2.494509415481143151e+03
2.498060394734968213e+03
2.501616989129082413e+03
2.505200005219699051e+03
2.508757013149720024e+03
2.512292980486465694e+03
2.515840645301193490e+03
2.519404551354001796e+03
2.522928004486037025e+03
2.526479245407394501e+03
2.530029564501636287e+03
2.533549646226564164e+03
2.537110244517509273e+03
2.540628005256226515e+03
2.544180418589930923e+03
2.547744370087887546e+03
2.551306861204197048e+03
2.554864393778495469e+03
2.558416586906234443e+03
2.561969221963220662e+03
2.565523767895006131e+03
2.569081405901184098e+03
2.572633253990299636e+03
2.576205377772361317e+03
2.579776043368576666e+03
2.583317843280704437e+03
2.586867237111825489e+03
2.590434366500365741e+03
2.593981461819337710e+03
2.597556851934885799e+03
2.601107392272109337e+03
2.604604547332387483e+03
2.608150015868548053e+03
2.611703534980184941e+03
2.615288467819024390e+03
2.618834346363491477e+03
2.622392606320320283e+03
2.625940658742576488e+03
2.629488470817908365e+03
2.633032662664518284e+03
2.636582632324606493e+03
2.640109273876764291e+03
2.643646339878937852e+03
2.647183868683377113e+03
2.650753288741156666e+03
2.654308762255094734e+03
2.657854274966049161e+03
2.661399092054008634e+03
2.664955905476785574e+03
2.668512184730441732e+03
2.672028726264687975e+03
2.675569686774238107e+03
2.679086722149969319e+03
2.682652443575664165e+03
2.686195751724450020e+03
2.689698574279138484e+03
2.693239158350097114e+03
2.696758110907784612e+03
2.700323805297858144e+03
2.703858168433661376e+03
2.707391629787101010e+03
2.710930053072749160e+03
2.714474257271641818e+03
2.718005879147840460e+03
2.721538246844468631e+03
2.725072899047218016e+03
2.728641807760424399e+03
2.732194651055397571e+03
2.735708633203190402e+03
2.739225411341097242e+03
2.742756705303236231e+03
2.746298396156992112e+03
2.749834039151649904e+03
2.753367788626700985e+03
2.756902916587571326e+03
2.760443997980262338e+03
2.763948276726300264e+03
2.767483179071757149e+03
2.771023617350839686e+03
2.774522914592738289e+03
2.778037528227231633e+03
2.781568047725703309e+03
2.785086617776624735e+03
2.788639513673734200e+03
2.792156455739242119e+03
2.795687851390812284e+03
2.799208559196215901e+03
2.802728335229967797e+03
2.806246399007191030e+03
2.809755914917753216e+03
2.813269142371531871e+03
2.816785756913111072e+03
2.820308863284620656e+03
2.823830653292955958e+03
2.827363499674488594e+03
2.830892785858590742e+03
2.834419179496244851e+03
2.837961331694948512e+03
2.841490840412996477e+03
2.844998986286004765e+03
2.848525252321288008e+03
2.852059430053102915e+03
2.855572891834706297e+03
2.859137724214036098e+03
2.862655829703974177e+03
2.866168716184508412e+03
2.869696915137933502e+03
2.873201311796958635e+03
2.876716694367329637e+03
2.880235632399910173e+03
2.883754168023874627e+03
2.887286337509367058e+03
2.890806184886613664e+03
2.894335887719329548e+03
2.897858463771334755e+03
2.901369621282403841e+03
2.904884088280785818e+03
2.908397986624041096e+03
2.911924233824289786e+03
2.915416157892819683e+03
2.918914951853072580e+03
2.922433363680813727e+03
2.925950245705819270e+03
2.929461462691123870e+03
2.932979668973284788e+03
2.936490001226989079e+03
2.940013834297024914e+03
2.943499007944652476e+03
2.947002572002225406e+03
2.950509294956550548e+03
2.954002942505043848e+03
2.957495870252214445e+03
2.961009539815526750e+03
2.964529825084649474e+03
2.968035914155936098e+03
2.971544743339542038e+03
2.975075076433713548e+03
2.978586339186759233e+03
2.982099879821657396e+03
2.985615060174506198e+03
2.989129584650270772e+03
2.992648765653852934e+03
2.996148298378825530e+03
2.999633669208143601e+03
3.003156968330855761e+03
3.006664050554712048e+03
3.010168403908896835e+03
3.013659678710243043e+03
3.017147629305608007e+03
3.020628679735064907e+03
3.024103564895322506e+03
3.027586747425019894e+03
3.031107550051896851e+03
3.034596255202923203e+03
3.038083959093227804e+03
3.041557867842836913e+03
3.045064414430170018e+03
3.048572741530014355e+03
3.052060476473950985e+03
3.055580385956269311e+03
3.059062268294631849e+03
3.062561951839200901e+03
3.066056533589059200e+03
3.069568868428420046e+03
3.073087004935297500e+03
3.076611926062611474e+03
3.080081412044315584e+03
3.083559689953342968e+03
3.087064708813802554e+03
3.090563737345466961e+03
3.094063617299006637e+03
3.097579347624514412e+03
3.101074553033461143e+03
3.104557717252585462e+03
3.108066543256818932e+03
3.111549045036569169e+03
3.115048263890884300e+03
3.118534445326280547e+03
3.122034888814351689e+03
3.125532904385278471e+03
3.129043309476884133e+03
3.132526478772218525e+03
3.136024287166826525e+03
3.139499177002805936e+03
3.142987902292345098e+03
3.146495921192813967e+03
3.149990164087909307e+03
3.153472940767592718e+03
3.156960355783980503e+03
3.160446422115770019e+03
3.163938978440729898e+03
3.167429513289554507e+03
3.170925504843838098e+03
3.174427189715380337e+03
3.177936241959560903e+03
3.181419835530932687e+03
3.184902912833058508e+03
3.188391713188024823e+03
3.191877020445264407e+03
3.195384299986918450e+03
3.198865656826418672e+03
3.202329979569487023e+03
3.205809110865247021e+03
3.209283446187372647e+03
3.212763052625790351e+03
3.216263906809194850e+03
3.219717310465569426e+03
3.223216442416695827e+03
3.226689027634540253e+03
3.230159428814170496e+03
3.233657910390472807e+03
3.237147801700800755e+03
3.240646912618285569e+03
3.244125067940220106e+03
3.247611019545080126e+03
3.251090586586320114e+03
3.254573766524402345e+03
3.258062462096688705e+03
3.261518426179172366e+03
3.264987451679607148e+03
3.268493666443754137e+03
3.271976074902372602e+03
3.275427935943467673e+03
3.278907776582076167e+03
3.282395394444453814e+03
3.285842726943107209e+03
3.289328057004388029e+03
3.292820281611635892e+03
3.296287372662739472e+03
3.299741768605707421e+03
3.303200847295861422e+03
3.306681407219938137e+03
3.310159014053717783e+03
3.313628981303330875e+03
3.317080901606192583e+03
3.320555745904759988e+03
3.324020188217396935e+03
3.327490202362296714e+03
3.330949194022653955e+03
3.334400774578272831e+03
3.337847862421136597e+03
3.341309479959037162e+03
3.344777082737199180e+03
3.348253721894678165e+03
3.351724710814029550e+03
3.355179803108244869e+03
3.358644328192359353e+03
3.362114863855501881e+03
3.365571785351199651e+03
3.369024554689965953e+03
3.372510066430916140e+03
3.375954707595538821e+03
3.379406855808299497e+03
3.382862245420434192e+03
3.386317051430832180e+03
3.389784887926975443e+03
3.393248323056704066e+03
3.396719042595997507e+03
3.400178387809382457e+03
3.403642182747093102e+03
3.407108732516076543e+03
3.410573484299713527e+03
3.414019766810331021e+03
3.417487384055078110e+03
3.420943537576655672e+03
3.424394015013399894e+03
3.427850513798294742e+03
3.431327552955532610e+03
3.434794388079512373e+03
3.438232716506019642e+03
3.441680878476109228e+03
3.445137122797860229e+03
3.448599508744065133e+03
3.452057476096544633e+03
3.455542837427554332e+03
3.458995216065696241e+03
3.462447161055235483e+03
3.465918785355786895e+03
3.469376147482852502e+03
3.472855778688600367e+03
3.476303068545847054e+03
3.479764563354771326e+03
3.483219665073208034e+03
3.486699064182584607e+03
3.490154890615278418e+03
3.493604914935591296e+03
3.497060046209996472e+03
3.500506024593039456e+03
3.503961067254274440e+03
3.507418272482032990e+03
3.510869494144483269e+03
3.514323768356467099e+03
3.517794507721778245e+03
3.521254644299009669e+03
3.524703852685004222e+03
3.528156800089668195e+03
3.531614272139016066e+03
3.535070166553046420e+03
3.538528273647946662e+03
3.542016439332135178e+03
3.545464816888324094e+03
3.548908493523133984e+03
3.552338016928307297e+03
3.555790542765838381e+03
3.559225291630748870e+03
3.562685074847108808e+03
3.566141897787052130e+03
3.569608409008944818e+03
3.573054209796906434e+03
3.576500379979581339e+03
3.579956148227501217e+03
3.583420124351219783e+03
3.586874110870350250e+03
3.590331460066960972e+03
3.593782987180026794e+03
3.597249957595084197e+03
3.600686106061292321e+03
3.604119102454764288e+03
3.607578879314657115e+03
3.611027878210088602e+03
3.614472210497055585e+03
3.617925174322201656e+03
3.621359504893052417e+03
3.624816883359360418e+03
3.628253526810189669e+03
3.631695774662679469e+03
3.635128296144057458e+03
3.638561768214242875e+03
3.642001500704697719e+03
3.645455233602637236e+03
3.648891346756433904e+03
3.652340127362166186e+03
3.655782503290663954e+03
3.659208590372731123e+03
3.662646463801697791e+03
3.666077982075881209e+03
3.669486631486042825e+03
3.672907735545929881e+03
3.676358367282815379e+03
3.679791348002526320e+03
3.683210546981533753e+03
3.686632152061896704e+03
3.690044115851213519e+03
3.693490350011757073e+03
3.696935644205388144e+03
3.700361414265205894e+03
3.703800744229421980e+03
3.707233774745383471e+03
3.710669059188428491e+03
3.714087974257126916e+03
3.717528201262591665e+03
3.720946769541499179e+03
3.724353432230037924e+03
3.727784086453914824e+03
3.731220438131992978e+03
3.734656496758370395e+03
3.738096494110542608e+03
3.741503876201426920e+03
3.744931296470207599e+03
3.748358215089140231e+03
3.751775082434303840e+03
3.755181948176541027e+03
3.758589592933372842e+03
3.762019643778166483e+03
3.765455538665319636e+03
3.768865143794064352e+03
3.772297638155534514e+03
3.775723696703964379e+03
3.779158827046229362e+03
3.782581051179631231e+03
3.785995403927964162e+03
3.789441462041159866e+03
3.792882884387079230e+03
3.796316504251760307e+03
3.799759622826298710e+03
3.803196414345879930e+03
3.806616528683808610e+03
3.810040294799294770e+03
3.813463737857222441e+03
3.816898653778376683e+03
3.820311795086932307e+03
3.823744459581556839e+03
3.827175935010340254e+03
3.830596306985383308e+03
3.834017484264931227e+03
3.837421729351385693e+03
3.840828117793453202e+03
3.844231565650904031e+03
3.847636690857977101e+03
3.851040116557946021e+03
3.854443609646165442e+03
3.857857376856466544e+03
3.861273615148518275e+03
3.864676296036373515e+03
3.868083019045783658e+03
3.871489714229423043e+03
3.874930907381511588e+03
3.878325357931481904e+03
3.881743908919886962e+03
3.885133335917711520e+03
3.888536063792717414e+03
3.891938618916578434e+03
3.895336421881642764e+03
3.898740072280309050e+03
3.902149514447043202e+03
3.905577937177277363e+03
3.908989157753368545e+03
3.912417905618649456e+03
3.915809448526559663e+03
3.919218589156290363e+03
3.922624280893158812e+03
3.926023910089675610e+03
3.929426329782392258e+03
3.932830299651195219e+03
3.936234876600480220e+03
3.939639291613028490e+03
3.943050291124870910e+03
3.946469199672351806e+03
3.949878913522152743e+03
3.953293142344556600e+03
3.956699554721006280e+03
3.960108131866407348e+03
3.963506353920245601e+03
3.966933758340998793e+03
3.970350216487201124e+03
3.973764779931877001e+03
3.977166046443636787e+03
3.980556805095538039e+03
3.983962875857826930e+03
3.987367190210097760e+03
3.990767691365747396e+03
3.994171834834965921e+03
3.997589950840295387e+03
4.000982857819555647e+03
4.004386266354324562e+03
4.007796896531121547e+03
4.011207788691112455e+03
4.014615823950187405e+03
4.018013658176533227e+03
4.021411389265512298e+03
4.024802647441288173e+03
4.028195150609930351e+03
4.031586106062064573e+03
4.034981464850789052e+03
4.038402802362267266e+03
4.041828182790866322e+03
4.045226607392936785e+03
4.048631996562180575e+03
4.052032071927900688e+03
4.055418932163967384e+03
4.058832884315011142e+03
4.062214569394517184e+03
4.065611834178992012e+03
4.069015195116695850e+03
4.072384435688924441e+03
4.075771789783090753e+03
4.079180738066900176e+03
4.082561391523939164e+03
4.085963735746344810e+03
4.089363700129921199e+03
4.092748804987406402e+03
4.096136533997962033e+03
4.099561933629333907e+03
4.102939853327090532e+03
4.106299891939613190e+03
4.109684609453082885e+03
4.113092616264059870e+03
4.116487276637358264e+03
4.119858375924534812e+03
4.123254303463299038e+03
4.126635596101758892e+03
4.130029074987753120e+03
4.133411698508297377e+03
4.136800915691219416e+03
4.140168415907601229e+03
4.143559191333794843e+03
4.146926471180685439e+03
4.150314499327318117e+03
4.153707338930875267e+03
4.157085069465853849e+03
4.160446947895645280e+03
4.163838865490138232e+03
4.167247130469008880e+03
4.170644216881531975e+03
4.174054031413842495e+03
4.177451466734676615e+03
4.180828335120320844e+03
4.184215632294631178e+03
4.187599647471859498e+03
4.190984712390156346e+03
4.194351788466995458e+03
4.197724623735716705e+03
4.201118685424778960e+03
4.204511323787729452e+03
4.207861372126827519e+03
4.211274493109193827e+03
4.214686162162549408e+03
4.218069065759267687e+03
4.221474607346247467e+03
4.224867172043309438e+03
4.228252988722535520e+03
4.231610423864078257e+03
4.234982146727516920e+03
4.238337229450552513e+03
4.241716380679296890e+03
4.245092719709860830e+03
4.248470410010955675e+03
4.251869850729047357e+03
4.255235835788337681e+03
4.258605091487110258e+03
4.261998446058666559e+03
4.265366922327273642e+03
4.268743135883170908e+03
4.272123057454296031e+03
4.275501907599000333e+03
4.278874952493752062e+03
4.282255298258375660e+03
4.285625842914775603e+03
4.289000043846886001e+03
4.292366581411987681e+03
4.295703445700908560e+03
4.299058027145033520e+03
4.302415263742167554e+03
4.305790435289146444e+03
4.309164925419742758e+03
4.312502258562813950e+03
4.315863150188918553e+03
4.319228997240766148e+03
4.322600561914958234e+03
4.325964676739079550e+03
4.329321690966352435e+03
4.332685897339462826e+03
4.336054990654924950e+03
4.339436640164804885e+03
4.342804074852970189e+03
4.346158901804360539e+03
4.349533280781959547e+03
4.352889599640111555e+03
4.356249428668083965e+03
4.359614777431592302e+03
4.362967420228920673e+03
4.366324411875010810e+03
4.369673203344197645e+03
4.373047417829381629e+03
4.376423048201519123e+03
4.379789957190303539e+03
4.383151569600551738e+03
4.386500855750785377e+03
4.389870733564575858e+03
4.393216332600180067e+03
4.396570384296163866e+03
4.399937755306526924e+03
4.403300735728793370e+03
4.406679429757944490e+03
4.410046678492296451e+03
4.413401704148811405e+03
4.416750216617515434e+03
4.420105185432888902e+03
4.423464103856628753e+03
4.426807404030520047e+03
4.430148760861792653e+03
4.433519883723801286e+03
4.436859646427356893e+03
4.440226892783070980e+03
4.443590492009098853e+03
4.446947419829733917e+03
4.450306126229268557e+03
4.453656930047284732e+03
4.457006972271483392e+03
4.460364272597866147e+03
4.463718017378234435e+03
4.467080930984068800e+03
4.470452476770639805e+03
4.473803221739394758e+03
4.477152278215496153e+03
4.480503536898189850e+03
4.483850056930070423e+03
4.487197107424087335e+03
4.490542609846361302e+03
4.493878651036909105e+03
4.497236456387187900e+03
4.500567234203140288e+03
4.503895518852437817e+03
4.507262329107395090e+03
4.510595815515849608e+03
4.513951736069977414e+03
4.517290423398464554e+03
4.520634406390582626e+03
4.523949179704157359e+03
4.527299672959491545e+03
4.530635048584842480e+03
4.533973920628617634e+03
4.537323549011934119e+03
4.540668869138941773e+03
4.544012402555841618e+03
4.547355689751299906e+03
4.550686494461109760e+03
4.554035331927327206e+03
4.557373252838816370e+03
4.560704669863525851e+03
4.564039414323826350e+03
4.567381344276821437e+03
4.570732442473282390e+03
4.574072549930411697e+03
4.577409732429237920e+03
4.580730543243936154e+03
4.584075070744427649e+03
4.587413714308329872e+03
4.590751669358714025e+03
4.594078566586747911e+03
4.597411628641098105e+03
4.600749510235907110e+03
4.604121027351295197e+03
4.607478170742867405e+03
4.610801128667821104e+03
4.614145267635354685e+03
4.617458485034015212e+03
4.620809117776919265e+03
4.624129310892015383e+03
4.627453366472831476e+03
4.630789154752740615e+03
4.634099340769364062e+03
4.637426583006181318e+03
4.640756979020658036e+03
4.644113359146867879e+03
4.647445152999705897e+03
4.650771011247042225e+03
4.654094543262867774e+03
4.657437791249068141e+03
4.660780805580398010e+03
4.664091283066337382e+03
4.667419929747953574e+03
4.670747635224816804e+03
4.674082907578033883e+03
4.677411937605819730e+03
4.680749253926939673e+03
4.684081542030660785e+03
4.687407260281001982e+03
4.690722719467124989e+03
4.694042161828714598e+03
4.697366482528597771e+03
4.700697346926339378e+03
4.704051207281957431e+03
4.707360472127483263e+03
4.710694469605672566e+03
4.714024445441405987e+03
4.717330697412277004e+03
4.720676348805525777e+03
4.724005726367805437e+03
4.727310463201974017e+03
4.730639588201045626e+03
4.733949361853307892e+03
4.737267226849047802e+03
4.740588705528582068e+03
4.743892808520410654e+03
4.747196653754010185e+03
4.750525497096100480e+03
4.753850411547508884e+03
4.757184376470396273e+03
4.760509211863922246e+03
4.763823283877080939e+03
4.767153167996621960e+03
4.770480252236246997e+03
4.773778257247423426e+03
4.777108152646354938e+03
4.780424271932831289e+03
4.783731657844078654e+03
4.787051412232651273e+03
4.790366272907682287e+03
4.793675937334739501e+03
4.796998228361834663e+03
4.800326050768357163e+03
4.803627415696210846e+03
4.806933652352449826e+03
4.810270104875438847e+03
4.813584132254976794e+03
4.816903152406091976e+03
4.820218669977409263e+03
4.823514528002761836e+03
4.826830413664893968e+03
4.830131251008918298e+03
4.833442882521166212e+03
4.836747557738208343e+03
4.840050105086022995e+03
4.843354512581154268e+03
4.846682096579696918e+03
4.849997132300042722e+03
4.853284792452080183e+03
4.856589775985411507e+03
4.859896850283505046e+03
4.863202688672480690e+03
4.866511784552320023e+03
4.869839643721859829e+03
4.873098047531662814e+03
4.876390118083062589e+03
4.879693472369788651e+03
4.883013415427780274e+03
4.886329200020954886e+03
4.889624373614235083e+03
4.892930530994156470e+03
4.896225550047240176e+03
4.899501825756526159e+03
4.902804065954137513e+03
4.906111071658354376e+03
4.909386178345451299e+03
4.912682332126142683e+03
4.915972598670520711e+03
4.919273670145398683e+03
4.922555522953429318e+03
4.925855635342673850e+03
4.929152617254226243e+03
4.932466140679121963e+03
4.935755210321199229e+03
4.939054423757110271e+03
4.942359557680385478e+03
4.945626516198443824e+03
4.948922703528652164e+03
4.952219444206092703e+03
4.955498043665053956e+03
4.958806544106184447e+03
4.962102161654285737e+03
4.965400610868250624e+03
4.968697041628664010e+03
4.971972359126442825e+03
4.975261261730341175e+03
4.978549460246028502e+03
4.981837663112288283e+03
4.985127881350653297e+03
4.988419398217393791e+03
4.991722143079737180e+03
4.995043341341151063e+03
4.998330367578447294e+03
5.001622536108886379e+03
5.004935039100659196e+03
5.008251537248082059e+03
5.011526271235250533e+03
5.014799890170921572e+03
5.018079417388908951e+03
5.021354011532990626e+03
5.024641074120010671e+03
5.027932398114696298e+03
5.031225409256855528e+03
5.034520112498580602e+03
5.037827306611147833e+03
5.041120192143219356e+03
5.044403778190407138e+03
5.047678765311705320e+03
5.050999075575324241e+03
5.054270095333387872e+03
5.057573754887549512e+03
5.060856278553551419e+03
5.064115077869124434e+03
5.067399964856532279e+03
5.070679044733102273e+03
5.073961620828022205e+03
5.077248123566775575e+03
5.080528646321144151e+03
5.083812260884882562e+03
5.087096370748638037e+03
5.090367590504771215e+03
5.093665763632958260e+03
5.096946514152240525e+03
5.100234190582852534e+03
5.103516489739559802e+03
5.106820431811363960e+03
5.110133025539409573e+03
5.113422722701573548e+03
5.116701275780521428e+03
5.119999726550724517e+03
5.123286202431119818e+03
5.126563668820158455e+03
5.129834886694015950e+03
5.133095123887027512e+03
5.136381895693619299e+03
5.139635617276549965e+03
5.142907902237170674e+03
5.146188947899616323e+03
5.149463182596288789e+03
5.152721501805509433e+03
5.156001215534478433e+03
5.159266489732906848e+03
5.162537320799135159e+03
5.165826700120967871e+03
5.169098018086114280e+03
5.172377509878353521e+03
5.175643522418364228e+03
5.178925752440023643e+03
5.182214016294890826e+03
5.185478187151277780e+03
5.188750196308947125e+03
5.192015742252004202e+03
5.195300175555550595e+03
5.198567597696453959e+03
5.201818760080511311e+03
5.205090088351660597e+03
5.208350901109434744e+03
5.211627804582636600e+03
5.214915022516755016e+03
5.218185694943270391e+03
5.221451958190863479e+03
5.224713849153830779e+03
5.227984304105647425e+03
5.231245696602517455e+03
5.234516717301810786e+03
5.237781467981304559e+03
5.241037223592767987e+03
5.244298824673855052e+03
5.247560387128294678e+03
5.250832108528073150e+03
5.254086972784774844e+03
5.257339809240517752e+03
5.260621897219146376e+03
5.263879533360183814e+03
5.267152293296042444e+03
5.270413199818513021e+03
5.273654267486086610e+03
5.276952543183817397e+03
5.280207054684396098e+03
5.283475232407631665e+03
5.286734119872481642e+03
5.289997695813913197e+03
5.293247525395890079e+03
5.296485333170785452e+03
5.299761567794378607e+03
5.303046769796736044e+03
5.306295292188570784e+03
5.309559354061269914e+03
5.312818009836426427e+03
5.316093029590201695e+03
5.319352910041090581e+03
5.322621082309983649e+03
5.325879414766676746e+03
5.329134548305379212e+03
5.332372029831350119e+03
5.335629846614751841e+03
5.338871517306089117e+03
5.342130959280601019e+03
5.345382224056823361e+03
5.348629541293244074e+03
5.351891251328370345e+03
5.355152440902651506e+03
5.358392538107758810e+03
5.361639539062763106e+03
5.364894044433590352e+03
5.368142851921338661e+03
5.371405894582464498e+03
5.374655061384016335e+03
5.377907714087516979e+03
5.381162442822999765e+03
5.384415268369272781e+03
5.387649402488927990e+03
5.390894755713567974e+03
5.394132428960271682e+03
5.397378337892231684e+03
5.400624338738150982e+03
5.403885168674170927e+03
5.407146075687110169e+03
5.410397996717622846e+03
5.413654284632605595e+03
5.416901289362547686e+03
5.420145621332376322e+03
5.423402132965084093e+03
5.426648902749436274e+03
5.429902125698730742e+03
5.433161773653372620e+03
5.436420727570168310e+03
5.439665923270631538e+03
5.442913212985063183e+03
5.446149524827354981e+03
5.449392383866725140e+03
5.452628260941292865e+03
5.455867919685382731e+03
5.459095945902359745e+03
5.462320837527356161e+03
5.465545459235323506e+03
5.468794405228363757e+03
5.472043177943973205e+03
5.475285323128099662e+03
5.478535161800805326e+03
5.481784391402581605e+03
5.485016153769245648e+03
5.488255159340927094e+03
5.491478478798186188e+03
5.494693681444856338e+03
5.497937254487663267e+03
5.501169904827349455e+03
5.504426697525899726e+03
5.507659789550792993e+03
5.510900176648438901e+03
5.514136386873596166e+03
5.517360230527438034e+03
5.520593164319743664e+03
5.523812799845517475e+03
5.527052257945469137e+03
5.530280864648000716e+03
5.533506955504130929e+03
5.536740010482260914e+03
5.539963483259271015e+03
5.543193295086481157e+03
5.546439016960333902e+03
5.549661870358617307e+03
5.552895710462572424e+03
5.556125217449675802e+03
5.559347409231093479e+03
5.562589906273574343e+03
5.565806228453121548e+03
5.569024863585037565e+03
5.572264880894575072e+03
5.575504595203152348e+03
5.578699498888703602e+03
5.581923717816886892e+03
5.585160063993749645e+03
5.588388212300850682e+03
5.591625163539797541e+03
5.594853854164613040e+03
5.598082120143591965e+03
5.601294454527422204e+03
5.604503781298280956e+03
5.607713665082118496e+03
5.610941539747190291e+03
5.614160521654599506e+03
5.617385284217936714e+03
5.620610137209169807e+03
5.623857495272332017e+03
5.627078246415259855e+03
5.630310427731061282e+03
5.633522358014821293e+03
5.636751073917095709e+03
5.639974821227377106e+03
5.643213737564175062e+03
5.646435996981850622e+03
5.649660731015593228e+03
5.652890910687194264e+03
5.656098889482720551e+03
5.659350143097481123e+03
5.662569480450758419e+03
5.665801384716106440e+03
5.669010730731098192e+03
5.672216973891168891e+03
5.675437811807681101e+03
5.678662498635747397e+03
5.681883387821625547e+03
5.685100247041902549e+03
5.688309760597056083e+03
5.691511787140208980e+03
5.694725031493785536e+03
5.697948008407667658e+03
5.701163330974791279e+03
5.704365400977641912e+03
5.707580370744548418e+03
5.710789093552389204e+03
5.713988142281517867e+03
5.717195186902935347e+03
5.720412702634591369e+03
5.723620935067167011e+03
5.726815399966672885e+03
5.730043744302385676e+03
5.733272607926454839e+03
5.736489245946758274e+03
5.739701029194777220e+03
5.742901676148653678e+03
5.746135422405369354e+03
5.749338882008777546e+03
5.752539138980350799e+03
5.755735216333516291e+03
5.758928801273335012e+03
5.762142311161819634e+03
5.765362315303081232e+03
5.768550270230693968e+03
5.771765912264607323e+03
5.774973351393181474e+03
5.778179595298515778e+03
5.781394621000529696e+03
5.784595271586409581e+03
5.787819979963865080e+03
5.791048650369115421e+03
5.794246790214386237e+03
5.797446658985487375e+03
5.800643170373087742e+03
5.803821240743973249e+03
5.807023651580967453e+03
5.810232473780452892e+03
5.813439029202499114e+03
5.816639446001444412e+03
5.819839858042577362e+03
5.823032116777209922e+03
5.826228431510232440e+03
5.829443011650437256e+03
5.832637654379041123e+03
5.835830621014914868e+03
5.839020377400951475e+03
5.842227563216601993e+03
5.845431541525190369e+03
5.848595674519830027e+03
5.851795721275915639e+03
5.854994401604725681e+03
5.858197516386131610e+03
5.861394234306765611e+03
5.864602760258659146e+03
5.867801258774816233e+03
5.871002399087980848e+03
5.874199650868894423e+03
5.877403039916883245e+03
5.880572975330200279e+03
5.883763484695745319e+03
5.886966412886303260e+03
5.890179839880678628e+03
5.893389434036645071e+03
5.896566246595333723e+03
5.899758948671058533e+03
5.902950296586851437e+03
5.906138596278848127e+03
5.909328684660300496e+03
5.912520999962248425e+03
5.915729731346730659e+03
5.918927950835884076e+03
5.922108526084316509e+03
5.925316731340962178e+03
5.928506017202008479e+03
5.931696803122789788e+03
5.934873599234538233e+03
5.938061942771997565e+03
5.941245186764964274e+03
5.944431523225031924e+03
5.947599537038125163e+03
5.950797235640883628e+03
5.953993524611890280e+03
5.957175031316637615e+03
5.960364774982714152e+03
5.963547362861504553e+03
5.966732436777407202e+03
5.969915404369090538e+03
5.973087877403979292e+03
5.976275726475310876e+03
5.979475238181178611e+03
5.982639711870061547e+03
5.985829084150361268e+03
5.989009055075887773e+03
5.992218282395192546e+03
5.995388539017390030e+03
5.998578008155697717e+03
6.001752502862909751e+03
6.004935195954463779e+03
6.008116928861358247e+03
6.011277752993752074e+03
6.014455505887205618e+03
6.017631841731566965e+03
6.020815357396772015e+03
6.023997416485151007e+03
6.027180420535266421e+03
6.030349545897741336e+03
6.033502293467126947e+03
6.036666828642908513e+03
6.039866304889748790e+03
6.043043898898532461e+03
6.046233060429992292e+03
6.049393376546997388e+03
6.052557681087433593e+03
6.055739689793443176e+03
6.058919044151818525e+03
6.062109161044272696e+03
6.065286901648459207e+03
6.068458938227821818e+03
6.071643249285079037e+03
6.074828954396900372e+03
6.078033158555189402e+03
6.081227595939249113e+03
6.084399283114427817e+03
6.087578949482799544e+03
6.090754967243597093e+03
6.093914843911898970e+03
6.097103822700511955e+03
6.100253712098573487e+03
6.103410515676028808e+03
6.106573572900780164e+03
6.109739269513401268e+03
6.112896353857777285e+03
6.116051103287658407e+03
6.119248458137712078e+03
6.122402129737253745e+03
6.125572378916732305e+03
6.128740893356312881e+03
6.131897100031722402e+03
6.135080762568384671e+03
6.138255393697359068e+03
6.141426466432903908e+03
6.144568544399398888e+03
6.147711484154393474e+03
6.150879984341715499e+03
6.154041906714786819e+03
6.157189023756875031e+03
6.160369801345650558e+03
6.163524989910236400e+03
6.166704603511482674e+03
6.169871169896432548e+03
6.173024757560629041e+03
6.176170406573502987e+03
6.179312294299707901e+03
6.182461976424528075e+03
6.185600584840515694e+03
6.188762291267184082e+03
6.191928421459849233e+03
6.195091810334692127e+03
6.198252230904146018e+03
6.201403303959451478e+03
6.204563574189240171e+03
6.207738217660385089e+03
6.210886810041582066e+03
6.214048942024704957e+03
6.217205010679110273e+03
6.220362434402443796e+03
6.223536888021690174e+03
6.226696988221266110e+03
6.229829586457219193e+03
6.232965438209571403e+03
6.236119946871028333e+03
6.239279724739153608e+03
6.242434445967764987e+03
6.245589337021215215e+03
6.248728099138336802e+03
6.251885501284245947e+03
6.255016825336739203e+03
6.258170730266608189e+03
6.261337973726717792e+03
6.264491606289018819e+03
6.267650447605806221e+03
6.270805813926897827e+03
6.273962983129265922e+03
6.277131760050521734e+03
6.280296508809534316e+03
6.283456140710813997e+03
6.286610725100604213e+03
6.289758436505863756e+03
6.292895357403660455e+03
6.296086260942352055e+03
6.299233757905584753e+03
6.302384694365288851e+03
6.305519645725762530e+03
6.308671221529212744e+03
6.311811854642317485e+03
6.314970480639580273e+03
6.318104216980563251e+03
6.321222845110158232e+03
6.324382258344681759e+03
6.327526318220899157e+03
6.330668378539901823e+03
6.333826503826489898e+03
6.336986154737652214e+03
6.340120683595414448e+03
6.343257200907421065e+03
6.346406333395882939e+03
6.349541930782967938e+03
6.352674253268573921e+03
6.355826070640627222e+03
6.358963992572403185e+03
6.362088326868388322e+03
6.365213689551332209e+03
6.368338141039773291e+03
6.371458839610214454e+03
6.374608165111573726e+03
6.377736521646549591e+03
6.380873752066559973e+03
6.384015233474839988e+03
6.387179749650371377e+03
6.390321773037961066e+03
6.393480560143304501e+03
6.396632965848021740e+03
6.399778775586715710e+03
6.402917486716200983e+03
6.406046073180982603e+03
6.409185663729635962e+03
6.412322818307947273e+03
6.415427381022793270e+03
6.418548022162625784e+03
6.421684366143324041e+03
6.424806162689721532e+03
6.427949214380994817e+03
6.431083762626209136e+03
6.434230838498892808e+03
6.437362526618509037e+03
6.440489178341121260e+03
6.443630044559143244e+03
6.446791370593648026e+03
6.449909899815697827e+03
6.453036516434422992e+03
6.456156209178813697e+03
6.459275142058716483e+03
6.462432306196573336e+03
6.465552784421829529e+03
6.468685542092448486e+03
6.471816418051913388e+03
6.474941816196746913e+03
6.478074896571601130e+03
6.481181798113443620e+03
6.484311216954460178e+03
6.487464273449693792e+03
6.490590039812165742e+03
6.493698327986905497e+03
6.496806836964034119e+03
6.499899892267306313e+03
6.503022653457058368e+03
6.506164596347853148e+03
6.509305646373796662e+03
6.512436100895268282e+03
6.515568264374228420e+03
6.518691785478325983e+03
6.521789404473904142e+03
6.524910425855126960e+03
6.528021692104474823e+03
6.531154383519539806e+03
6.534280142658026307e+03
6.537383224687429902e+03
6.540500604758587542e+03
6.543609958434817599e+03
6.546751067545333171e+03
6.549870807760430580e+03
6.552985449355240235e+03
6.556096304117903856e+03
6.559218284737108661e+03
6.562334050369153374e+03
6.565438370641467372e+03
6.568568521137309290e+03
6.571689571181549582e+03
6.574803796842441443e+03
6.577914668715930929e+03
6.581049309266601995e+03
6.584160577538309553e+03
6.587268356919194048e+03
6.590394184611875062e+03
6.593491288422813341e+03
6.596609388685484191e+03
6.599722278332053975e+03
6.602831524862074730e+03
6.605975100433275657e+03
6.609099635282201234e+03
6.612231380237599296e+03
6.615346378970494698e+03
6.618442840224262909e+03
6.621553018598309791e+03
6.624646126191156327e+03
6.627753371048780537e+03
6.630860083488390956e+03
6.633972824660021615e+03
6.637088409912472343e+03
6.640172705413854601e+03
6.643250536012000339e+03
6.646360556070385428e+03
6.649461570056100754e+03
6.652557395763415116e+03
6.655666388526678929e+03
6.658781825652539737e+03
6.661915605101812616e+03
6.665038763996611124e+03
6.668167194592601845e+03
6.671277946633064857e+03
6.674385728308402577e+03
6.677483360492413340e+03
6.680591635726509594e+03
6.683699799436034482e+03
6.686802486942851829e+03
6.689908150658926388e+03
6.693018169686977672e+03
6.696121290653861251e+03
6.699232326259482761e+03
6.702347074410073219e+03
6.705441027569121616e+03
6.708552624872724664e+03
6.711662300976368897e+03
6.714773256347841198e+03
6.717872374291865526e+03
6.720974660763763495e+03
6.724082850204931674e+03
6.727186106621849831e+03
6.730282439983566292e+03
6.733389960508065087e+03
6.736491196400765148e+03
6.739566662423257185e+03
6.742654759544489025e+03
6.745745750684513041e+03
6.748837469387033707e+03
6.751938478248604952e+03
6.755038466358430014e+03
6.758145815690562813e+03
6.761232781109192729e+03
6.764323780951037406e+03
6.767412271772777785e+03
6.770523446209124813e+03
6.773616362638583269e+03
6.776718177680420922e+03
6.779822361715800980e+03
6.782904656680826520e+03
6.786002957780475299e+03
6.789124008912472164e+03
6.792207971235901823e+03
6.795287106713251887e+03
6.798374332561763367e+03
6.801478062439470705e+03
6.804566652491116656e+03
6.807667687715445027e+03
6.810760168281696679e+03
6.813842203638140745e+03
6.816933359331275824e+03
6.820015295221050110e+03
6.823111687888812412e+03
6.826195109719158609e+03
6.829291264521410994e+03
6.832387947074865224e+03
6.835475039441753324e+03
6.838563774840936276e+03
6.841621437633933965e+03
6.844721513605583823e+03
6.847831065420300547e+03
6.850908193200241840e+03
6.853987894449862324e+03
6.857077826134897805e+03
6.860195914705327596e+03
6.863255297694847286e+03
6.866317921486736850e+03
6.869380350409373932e+03
6.872464863455065824e+03
6.875566457451782298e+03
6.878669097528534621e+03
6.881736489083902597e+03
6.884811510633857324e+03
